5.044629999999999601e-03 1.499999999999999944e-01
1.455000000000000043e-02 1.499999999999999944e-01
2.227269999999999944e-02 1.499999999999999944e-01
3.152630000000000016e-02 1.499999999999999944e-01
4.350949999999999956e-02 1.499999999999999944e-01
5.766790000000000110e-02 1.499999999999999944e-01
6.861659999999999981e-02 1.499999999999999944e-01
7.315409999999999968e-02 1.499999999999999944e-01
7.315069999999999906e-02 1.499999999999999944e-01
8.099449999999999705e-02 1.499999999999999944e-01
9.576980000000000215e-02 1.499999999999999944e-01
1.141149999999999942e-01 1.499999999999999944e-01
1.321390000000000065e-01 1.499999999999999944e-01
1.465970000000000051e-01 1.499999999999999944e-01
1.564039999999999875e-01 1.499999999999999944e-01
1.618650000000000089e-01 1.499999999999999944e-01
1.643340000000000078e-01 1.499999999999999944e-01
1.671739999999999893e-01 1.499999999999999944e-01
1.724169999999999869e-01 1.499999999999999944e-01
1.786179999999999990e-01 1.499999999999999944e-01
1.806220000000000048e-01 1.499999999999999944e-01
1.767070000000000030e-01 1.499999999999999944e-01
1.737760000000000138e-01 1.499999999999999944e-01
1.749699999999999867e-01 1.499999999999999944e-01
1.815400000000000069e-01 1.499999999999999944e-01
1.840160000000000129e-01 1.499999999999999944e-01
1.873340000000000005e-01 1.499999999999999944e-01
2.060700000000000032e-01 1.499999999999999944e-01
2.357980000000000076e-01 1.499999999999999944e-01
2.734690000000000176e-01 1.499999999999999944e-01
3.156320000000000237e-01 1.499999999999999944e-01
3.564680000000000071e-01 1.499999999999999944e-01
3.878460000000000241e-01 1.499999999999999944e-01
4.065489999999999937e-01 1.499999999999999944e-01
4.178589999999999804e-01 1.499999999999999944e-01
4.299020000000000064e-01 1.499999999999999944e-01
4.446570000000000245e-01 1.499999999999999944e-01
4.566370000000000151e-01 1.499999999999999944e-01
4.613079999999999958e-01 1.499999999999999944e-01
4.569070000000000076e-01 1.499999999999999944e-01
4.492410000000000014e-01 1.499999999999999944e-01
4.486979999999999857e-01 1.499999999999999944e-01
4.521569999999999756e-01 1.499999999999999944e-01
4.530730000000000035e-01 1.499999999999999944e-01
4.458969999999999878e-01 1.499999999999999944e-01
4.407420000000000226e-01 1.499999999999999944e-01
4.388870000000000271e-01 1.499999999999999944e-01
4.354600000000000137e-01 1.499999999999999944e-01
4.286559999999999815e-01 1.499999999999999944e-01
4.191570000000000018e-01 1.499999999999999944e-01
4.132569999999999855e-01 1.499999999999999944e-01
4.115699999999999914e-01 1.499999999999999944e-01
4.153240000000000265e-01 1.499999999999999944e-01
4.240829999999999878e-01 1.499999999999999944e-01
4.365919999999999801e-01 1.499999999999999944e-01
4.512860000000000205e-01 1.499999999999999944e-01
4.667049999999999810e-01 1.499999999999999944e-01
4.836840000000000028e-01 1.499999999999999944e-01
5.033990000000000409e-01 1.499999999999999944e-01
5.265499999999999625e-01 1.499999999999999944e-01
5.507750000000000146e-01 1.499999999999999944e-01
5.728419999999999623e-01 1.499999999999999944e-01
5.905569999999999986e-01 1.499999999999999944e-01
6.022710000000000008e-01 1.499999999999999944e-01
6.073539999999999495e-01 1.499999999999999944e-01
6.061360000000000081e-01 1.499999999999999944e-01
5.986890000000000267e-01 1.499999999999999944e-01
5.877999999999999892e-01 1.499999999999999944e-01
5.889919999999999600e-01 1.499999999999999944e-01
6.042610000000000481e-01 1.499999999999999944e-01
6.295450000000000212e-01 1.499999999999999944e-01
6.568420000000000369e-01 1.499999999999999944e-01
6.799380000000000424e-01 1.499999999999999944e-01
6.961720000000000130e-01 1.499999999999999944e-01
7.039029999999999454e-01 1.499999999999999944e-01
7.011249999999999982e-01 1.499999999999999944e-01
6.897999999999999687e-01 1.499999999999999944e-01
6.783029999999999893e-01 1.499999999999999944e-01
6.750000000000000444e-01 1.499999999999999944e-01
6.768159999999999732e-01 1.499999999999999944e-01
6.725379999999999692e-01 1.499999999999999944e-01
6.599260000000000126e-01 1.499999999999999944e-01
6.547709999999999919e-01 1.499999999999999944e-01
6.445070000000000521e-01 1.499999999999999944e-01
6.349000000000000199e-01 1.499999999999999944e-01
6.291619999999999990e-01 1.499999999999999944e-01
6.189799999999999747e-01 1.499999999999999944e-01
6.076129999999999587e-01 1.499999999999999944e-01
6.010520000000000307e-01 1.499999999999999944e-01
5.981370000000000298e-01 1.499999999999999944e-01
5.982009999999999827e-01 1.499999999999999944e-01
6.003709999999999880e-01 1.499999999999999944e-01
6.058559999999999501e-01 1.499999999999999944e-01
6.203199999999999825e-01 1.499999999999999944e-01
6.468589999999999618e-01 1.499999999999999944e-01
6.788340000000000485e-01 1.499999999999999944e-01
7.046210000000000528e-01 1.499999999999999944e-01
7.177679999999999616e-01 1.499999999999999944e-01
7.222349999999999604e-01 1.499999999999999944e-01
7.255479999999999707e-01 1.499999999999999944e-01
7.297960000000000003e-01 1.499999999999999944e-01
7.314599999999999991e-01 1.499999999999999944e-01
7.276150000000000118e-01 1.499999999999999944e-01
7.173100000000000032e-01 1.499999999999999944e-01
7.046360000000000401e-01 1.499999999999999944e-01
7.043080000000000451e-01 1.499999999999999944e-01
7.153990000000000071e-01 1.499999999999999944e-01
7.322499999999999565e-01 1.499999999999999944e-01
7.512349999999999861e-01 -4.000000000000000083e-03
7.747709999999999875e-01 -4.000000000000000083e-03
8.062319999999999487e-01 -4.000000000000000083e-03
8.415169999999999595e-01 -4.000000000000000083e-03
8.709890000000000132e-01 -4.000000000000000083e-03
8.883649999999999602e-01 -4.000000000000000083e-03
8.948359999999999648e-01 -4.000000000000000083e-03
8.952210000000000445e-01 -4.000000000000000083e-03
8.925260000000000415e-01 -4.000000000000000083e-03
8.904739999999999878e-01 -4.000000000000000083e-03
8.938930000000000486e-01 -4.000000000000000083e-03
9.032679999999999598e-01 -4.000000000000000083e-03
9.088669999999999805e-01 -4.000000000000000083e-03
8.994529999999999470e-01 -4.000000000000000083e-03
8.843539999999999734e-01 -4.000000000000000083e-03
8.740320000000000311e-01 -4.000000000000000083e-03
8.559830000000000494e-01 -4.000000000000000083e-03
8.442579999999999529e-01 -4.000000000000000083e-03
8.302610000000000268e-01 -4.000000000000000083e-03
8.186860000000000248e-01 -4.000000000000000083e-03
8.203300000000000036e-01 -4.000000000000000083e-03
8.304340000000000055e-01 -4.000000000000000083e-03
8.447740000000000249e-01 -4.000000000000000083e-03
8.633880000000000443e-01 -4.000000000000000083e-03
8.839169999999999527e-01 -4.000000000000000083e-03
9.021460000000000035e-01 -4.000000000000000083e-03
9.153259999999999730e-01 -4.000000000000000083e-03
9.273810000000000109e-01 -4.000000000000000083e-03
9.420129999999999892e-01 -4.000000000000000083e-03
9.559360000000000079e-01 -4.000000000000000083e-03
9.604439999999999644e-01 -4.000000000000000083e-03
9.514660000000000339e-01 -4.000000000000000083e-03
9.347069999999999546e-01 -4.000000000000000083e-03
9.187950000000000284e-01 -4.000000000000000083e-03
9.027020000000000044e-01 -4.000000000000000083e-03
8.888749999999999707e-01 -4.000000000000000083e-03
8.928909999999999902e-01 -4.000000000000000083e-03
9.087450000000000250e-01 -4.000000000000000083e-03
9.247370000000000312e-01 -4.000000000000000083e-03
9.384190000000000031e-01 -4.000000000000000083e-03
9.557409999999999517e-01 -4.000000000000000083e-03
9.777190000000000047e-01 -4.000000000000000083e-03
9.927240000000000508e-01 -4.000000000000000083e-03
9.898609999999999909e-01 -4.000000000000000083e-03
9.726449999999999818e-01 -4.000000000000000083e-03
9.552319999999999700e-01 -4.000000000000000083e-03
9.452270000000000394e-01 -4.000000000000000083e-03
9.365449999999999608e-01 -4.000000000000000083e-03
9.188880000000000381e-01 -4.000000000000000083e-03
9.052590000000000359e-01 -4.000000000000000083e-03
8.960380000000000011e-01 -4.000000000000000083e-03
8.859259999999999913e-01 -4.000000000000000083e-03
8.756140000000000034e-01 -4.000000000000000083e-03
8.689860000000000362e-01 -4.000000000000000083e-03
8.695249999999999924e-01 -4.000000000000000083e-03
8.829879999999999951e-01 -4.000000000000000083e-03
9.111709999999999532e-01 -4.000000000000000083e-03
9.481829999999999981e-01 -4.000000000000000083e-03
9.829080000000000039e-01 -4.000000000000000083e-03
1.010799999999999921e+00 -4.000000000000000083e-03
1.035630000000000051e+00 -4.000000000000000083e-03
1.060829999999999940e+00 -4.000000000000000083e-03
1.079560000000000075e+00 -4.000000000000000083e-03
1.079820000000000002e+00 -4.000000000000000083e-03
1.061190000000000078e+00 -4.000000000000000083e-03
1.038880000000000026e+00 -4.000000000000000083e-03
1.018140000000000045e+00 -4.000000000000000083e-03
9.978240000000000443e-01 -4.000000000000000083e-03
9.853840000000000376e-01 -4.000000000000000083e-03
9.931560000000000388e-01 -4.000000000000000083e-03
1.015800000000000036e+00 -4.000000000000000083e-03
1.042859999999999898e+00 -4.000000000000000083e-03
1.067369999999999930e+00 -4.000000000000000083e-03
1.086799999999999988e+00 -4.000000000000000083e-03
1.102319999999999967e+00 -4.000000000000000083e-03
1.117490000000000094e+00 -4.000000000000000083e-03
1.135799999999999921e+00 -4.000000000000000083e-03
1.155240000000000045e+00 -4.000000000000000083e-03
1.167699999999999960e+00 -4.000000000000000083e-03
1.167929999999999913e+00 -4.000000000000000083e-03
1.162199999999999900e+00 -4.000000000000000083e-03
1.160509999999999931e+00 -4.000000000000000083e-03
1.163440000000000030e+00 -6.000000000000000125e-03
1.158199999999999896e+00 -6.000000000000000125e-03
1.132730000000000015e+00 -6.000000000000000125e-03
1.127850000000000019e+00 -6.000000000000000125e-03
1.134579999999999922e+00 -6.000000000000000125e-03
1.144090000000000051e+00 -6.000000000000000125e-03
1.157950000000000035e+00 -6.000000000000000125e-03
1.180909999999999904e+00 -6.000000000000000125e-03
1.213419999999999943e+00 -6.000000000000000125e-03
1.248089999999999922e+00 -6.000000000000000125e-03
1.273649999999999949e+00 -6.000000000000000125e-03
1.282019999999999937e+00 -6.000000000000000125e-03
1.272829999999999906e+00 -6.000000000000000125e-03
1.254850000000000021e+00 -6.000000000000000125e-03
1.236669999999999936e+00 -6.000000000000000125e-03
1.217060000000000031e+00 -6.000000000000000125e-03
1.195240000000000080e+00 -6.000000000000000125e-03
1.194360000000000088e+00 -6.000000000000000125e-03
1.206439999999999957e+00 -6.000000000000000125e-03
1.216809999999999947e+00 -6.000000000000000125e-03
1.218380000000000019e+00 -6.000000000000000125e-03
1.218979999999999952e+00 -6.000000000000000125e-03
1.226089999999999902e+00 -6.000000000000000125e-03
1.234900000000000109e+00 -6.000000000000000125e-03
1.232699999999999907e+00 -6.000000000000000125e-03
1.213940000000000019e+00 -6.000000000000000125e-03
1.187219999999999942e+00 -6.000000000000000125e-03
1.164549999999999974e+00 -6.000000000000000125e-03
1.154360000000000053e+00 -6.000000000000000125e-03
1.154369999999999896e+00 -6.000000000000000125e-03
1.157410000000000050e+00 -6.000000000000000125e-03
1.154870000000000063e+00 -6.000000000000000125e-03
1.139920000000000044e+00 -6.000000000000000125e-03
1.118929999999999980e+00 -4.000000000000000083e-03
1.112859999999999960e+00 -4.000000000000000083e-03
1.121399999999999952e+00 -4.000000000000000083e-03
1.146239999999999926e+00 -4.000000000000000083e-03
1.188989999999999991e+00 -4.000000000000000083e-03
1.242240000000000011e+00 -4.000000000000000083e-03
1.286799999999999944e+00 -4.000000000000000083e-03
1.303379999999999983e+00 -4.000000000000000083e-03
1.287740000000000107e+00 -4.000000000000000083e-03
1.265349999999999975e+00 -4.000000000000000083e-03
1.246890000000000054e+00 -4.000000000000000083e-03
1.225349999999999939e+00 -4.000000000000000083e-03
1.206350000000000033e+00 -4.000000000000000083e-03
1.196159999999999890e+00 -4.000000000000000083e-03
1.194809999999999928e+00 -6.000000000000000125e-03
1.198360000000000092e+00 -6.000000000000000125e-03
1.205410000000000093e+00 -6.000000000000000125e-03
1.216820000000000013e+00 -6.000000000000000125e-03
1.229819999999999913e+00 -6.000000000000000125e-03
1.237230000000000052e+00 -6.000000000000000125e-03
1.233840000000000048e+00 -6.000000000000000125e-03
1.222159999999999913e+00 -6.000000000000000125e-03
1.206639999999999935e+00 -6.000000000000000125e-03
1.186020000000000074e+00 -6.000000000000000125e-03
1.163470000000000004e+00 -6.000000000000000125e-03
1.150940000000000074e+00 -6.000000000000000125e-03
1.137580000000000036e+00 -8.000000000000000167e-03
1.113739999999999952e+00 -8.000000000000000167e-03
1.093830000000000080e+00 -8.000000000000000167e-03
1.071949999999999958e+00 -8.000000000000000167e-03
1.070340000000000069e+00 -8.000000000000000167e-03
1.091339999999999977e+00 -8.000000000000000167e-03
1.127790000000000070e+00 -8.000000000000000167e-03
1.170460000000000056e+00 -8.000000000000000167e-03
1.207179999999999920e+00 -8.000000000000000167e-03
1.224550000000000027e+00 -8.000000000000000167e-03
1.213659999999999961e+00 -8.000000000000000167e-03
1.195959999999999912e+00 -8.000000000000000167e-03
1.193980000000000041e+00 -1.000000000000000021e-02
1.198669999999999902e+00 -1.000000000000000021e-02
1.207200000000000051e+00 -1.000000000000000021e-02
1.220939999999999914e+00 -1.000000000000000021e-02
1.239479999999999915e+00 -1.000000000000000021e-02
1.262499999999999956e+00 -1.000000000000000021e-02
1.291590000000000016e+00 -1.000000000000000021e-02
1.324959999999999916e+00 -1.000000000000000021e-02
1.353569999999999940e+00 -1.000000000000000021e-02
1.368619999999999948e+00 -1.000000000000000021e-02
1.367310000000000025e+00 -1.000000000000000021e-02
1.351609999999999978e+00 -1.000000000000000021e-02
1.321879999999999944e+00 -1.000000000000000021e-02
1.313749999999999973e+00 -1.000000000000000021e-02
1.328750000000000098e+00 -1.000000000000000021e-02
1.361429999999999918e+00 -1.000000000000000021e-02
1.406320000000000014e+00 -1.000000000000000021e-02
1.465170000000000083e+00 -1.000000000000000021e-02
1.536689999999999889e+00 -1.000000000000000021e-02
1.604589999999999961e+00 -1.000000000000000021e-02
1.640560000000000018e+00 -1.000000000000000021e-02
1.625299999999999967e+00 -1.000000000000000021e-02
1.614279999999999937e+00 -1.000000000000000021e-02
1.629950000000000010e+00 -1.000000000000000021e-02
1.652770000000000072e+00 -1.000000000000000021e-02
1.677040000000000086e+00 -1.000000000000000021e-02
1.705240000000000089e+00 -1.000000000000000021e-02
1.739829999999999988e+00 -1.000000000000000021e-02
1.777640000000000109e+00 -1.000000000000000021e-02
1.810599999999999987e+00 -1.000000000000000021e-02
1.832359999999999989e+00 -8.000000000000000167e-03
1.845599999999999907e+00 -8.000000000000000167e-03
1.862109999999999932e+00 -1.000000000000000021e-02
1.890090000000000048e+00 -1.000000000000000021e-02
1.920649999999999968e+00 -1.000000000000000021e-02
1.931310000000000082e+00 -1.000000000000000021e-02
1.904060000000000086e+00 -1.000000000000000021e-02
1.885490000000000110e+00 -1.000000000000000021e-02
1.900060000000000082e+00 -1.000000000000000021e-02
1.944469999999999921e+00 -1.000000000000000021e-02
2.021119999999999806e+00 -1.000000000000000021e-02
2.127679999999999794e+00 -1.000000000000000021e-02
2.247630000000000017e+00 -1.000000000000000021e-02
2.359049999999999869e+00 -1.200000000000000025e-02
2.441450000000000120e+00 -1.200000000000000025e-02
2.478610000000000202e+00 -1.200000000000000025e-02
2.464490000000000069e+00 -1.200000000000000025e-02
2.412669999999999870e+00 -1.200000000000000025e-02
2.390480000000000160e+00 -1.200000000000000025e-02
2.388250000000000206e+00 -1.200000000000000025e-02
2.411000000000000032e+00 -1.200000000000000025e-02
2.467249999999999943e+00 -1.200000000000000025e-02
2.549100000000000144e+00 -1.200000000000000025e-02
2.630180000000000184e+00 -1.200000000000000025e-02
2.687949999999999839e+00 -1.200000000000000025e-02
2.717970000000000219e+00 -1.200000000000000025e-02
2.728889999999999816e+00 -1.400000000000000029e-02
2.727549999999999919e+00 -1.400000000000000029e-02
2.715269999999999850e+00 -1.400000000000000029e-02
2.693290000000000184e+00 -1.400000000000000029e-02
2.663759999999999906e+00 -1.400000000000000029e-02
2.623990000000000045e+00 -1.400000000000000029e-02
2.566570000000000018e+00 -1.400000000000000029e-02
2.534469999999999779e+00 -1.400000000000000029e-02
2.540649999999999853e+00 -1.400000000000000029e-02
2.598479999999999901e+00 -1.400000000000000029e-02
2.717550000000000132e+00 -1.400000000000000029e-02
2.885709999999999997e+00 -1.600000000000000033e-02
3.065669999999999895e+00 -1.600000000000000033e-02
3.213070000000000093e+00 -1.600000000000000033e-02
3.298849999999999838e+00 -1.600000000000000033e-02
3.310779999999999834e+00 -1.600000000000000033e-02
3.243119999999999781e+00 -1.600000000000000033e-02
3.243269999999999875e+00 -1.600000000000000033e-02
3.306740000000000013e+00 -1.600000000000000033e-02
3.399300000000000210e+00 -1.600000000000000033e-02
3.490200000000000191e+00 -1.600000000000000033e-02
3.564659999999999940e+00 -1.600000000000000033e-02
3.615959999999999841e+00 -1.600000000000000033e-02
3.634640000000000093e+00 -1.600000000000000033e-02
3.613010000000000055e+00 -1.600000000000000033e-02
3.555909999999999904e+00 -1.600000000000000033e-02
3.482169999999999987e+00 -1.600000000000000033e-02
3.411000000000000032e+00 -1.600000000000000033e-02
3.355440000000000200e+00 -1.600000000000000033e-02
3.324050000000000171e+00 -1.600000000000000033e-02
3.316349999999999909e+00 -1.600000000000000033e-02
3.313340000000000174e+00 -1.600000000000000033e-02
3.278919999999999835e+00 -1.600000000000000033e-02
3.226900000000000102e+00 -1.600000000000000033e-02
3.243949999999999889e+00 -1.600000000000000033e-02
3.319529999999999870e+00 -1.600000000000000033e-02
3.447270000000000056e+00 -1.600000000000000033e-02
3.620639999999999858e+00 -1.600000000000000033e-02
3.812969999999999970e+00 -1.600000000000000033e-02
3.975190000000000001e+00 -1.600000000000000033e-02
4.061250000000000249e+00 -1.600000000000000033e-02
4.050670000000000215e+00 -1.600000000000000033e-02
3.978819999999999801e+00 -1.400000000000000029e-02
4.007319999999999993e+00 -1.400000000000000029e-02
4.119100000000000428e+00 -1.400000000000000029e-02
4.266289999999999694e+00 -1.400000000000000029e-02
4.385200000000000209e+00 -1.400000000000000029e-02
4.439119999999999955e+00 -1.400000000000000029e-02
4.436309999999999754e+00 -1.400000000000000029e-02
4.404740000000000322e+00 -1.400000000000000029e-02
4.356359999999999566e+00 -1.400000000000000029e-02
4.286529999999999951e+00 -1.400000000000000029e-02
4.199910000000000032e+00 -1.600000000000000033e-02
4.120090000000000252e+00 -1.600000000000000033e-02
4.068660000000000387e+00 -1.600000000000000033e-02
4.043709999999999916e+00 -1.600000000000000033e-02
4.026930000000000121e+00 -1.600000000000000033e-02
3.997920000000000140e+00 -1.600000000000000033e-02
3.941689999999999916e+00 -1.600000000000000033e-02
3.862299999999999844e+00 -1.600000000000000033e-02
3.843189999999999884e+00 -1.600000000000000033e-02
3.892780000000000129e+00 -1.600000000000000033e-02
4.008300000000000196e+00 -1.799999999999999864e-02
4.174500000000000099e+00 -1.799999999999999864e-02
4.360960000000000392e+00 -1.799999999999999864e-02
4.518309999999999604e+00 -1.799999999999999864e-02
4.588250000000000384e+00 -1.799999999999999864e-02
4.530330000000000190e+00 -1.799999999999999864e-02
4.514540000000000219e+00 -1.799999999999999864e-02
4.593469999999999942e+00 -1.799999999999999864e-02
4.706529999999999880e+00 -1.799999999999999864e-02
4.802139999999999631e+00 -1.799999999999999864e-02
4.855680000000000440e+00 -1.799999999999999864e-02
4.872029999999999639e+00 -1.799999999999999864e-02
4.869069999999999787e+00 -1.799999999999999864e-02
4.853659999999999641e+00 -1.799999999999999864e-02
4.812689999999999912e+00 -1.799999999999999864e-02
4.730229999999999713e+00 -1.799999999999999864e-02
4.636260000000000048e+00 -1.799999999999999864e-02
4.553790000000000227e+00 -1.799999999999999864e-02
4.452099999999999724e+00 -1.799999999999999864e-02
4.386219999999999786e+00 -1.799999999999999864e-02
4.349669999999999703e+00 -1.799999999999999864e-02
4.332530000000000214e+00 -1.799999999999999864e-02
4.323620000000000019e+00 -1.799999999999999864e-02
4.302080000000000126e+00 -1.799999999999999864e-02
4.234969999999999679e+00 -1.600000000000000033e-02
4.186950000000000394e+00 -1.600000000000000033e-02
4.226950000000000429e+00 -1.600000000000000033e-02
4.340819999999999901e+00 -1.600000000000000033e-02
4.505639999999999645e+00 -1.600000000000000033e-02
4.693640000000000256e+00 -1.600000000000000033e-02
4.863019999999999676e+00 -1.600000000000000033e-02
4.954159999999999897e+00 -1.600000000000000033e-02
4.912519999999999776e+00 -1.600000000000000033e-02
4.878199999999999648e+00 -1.600000000000000033e-02
4.946959999999999802e+00 -1.600000000000000033e-02
5.041619999999999990e+00 -1.600000000000000033e-02
5.107770000000000366e+00 -1.600000000000000033e-02
5.139439999999999564e+00 -1.600000000000000033e-02
5.157429999999999737e+00 -1.600000000000000033e-02
5.168020000000000280e+00 -1.600000000000000033e-02
5.151410000000000267e+00 -1.600000000000000033e-02
5.086310000000000109e+00 -1.600000000000000033e-02
4.972339999999999982e+00 -1.600000000000000033e-02
4.894849999999999923e+00 -1.600000000000000033e-02
4.835530000000000328e+00 -1.600000000000000033e-02
4.778139999999999610e+00 -1.600000000000000033e-02
4.700429999999999886e+00 -1.600000000000000033e-02
4.610420000000000407e+00 -1.600000000000000033e-02
4.573489999999999611e+00 -1.600000000000000033e-02
4.573660000000000281e+00 -1.600000000000000033e-02
4.592950000000000088e+00 -1.600000000000000033e-02
4.622090000000000032e+00 -1.600000000000000033e-02
4.639330000000000176e+00 -1.600000000000000033e-02
4.590539999999999843e+00 -1.600000000000000033e-02
4.565909999999999691e+00 -1.600000000000000033e-02
4.703769999999999563e+00 -1.600000000000000033e-02
4.957650000000000112e+00 -1.600000000000000033e-02
5.238450000000000273e+00 -1.600000000000000033e-02
5.461389999999999745e+00 -1.600000000000000033e-02
5.571620000000000239e+00 -1.600000000000000033e-02
5.542550000000000310e+00 -1.600000000000000033e-02
5.460639999999999716e+00 -1.600000000000000033e-02
5.483900000000000219e+00 -1.600000000000000033e-02
5.552039999999999864e+00 -1.600000000000000033e-02
5.618710000000000093e+00 -1.600000000000000033e-02
5.673359999999999737e+00 -1.600000000000000033e-02
5.724289999999999878e+00 -1.600000000000000033e-02
5.765649999999999942e+00 -1.400000000000000029e-02
5.770030000000000214e+00 -1.400000000000000029e-02
5.711529999999999774e+00 -1.400000000000000029e-02
5.584419999999999717e+00 -1.400000000000000029e-02
5.518110000000000070e+00 -1.400000000000000029e-02
5.494320000000000093e+00 -1.400000000000000029e-02
5.484939999999999927e+00 -1.400000000000000029e-02
5.455980000000000274e+00 -1.400000000000000029e-02
5.376990000000000158e+00 -1.400000000000000029e-02
5.277219999999999800e+00 -1.400000000000000029e-02
5.240330000000000155e+00 -1.400000000000000029e-02
5.253009999999999735e+00 -1.400000000000000029e-02
5.295460000000000278e+00 -1.400000000000000029e-02
5.338849999999999874e+00 -1.400000000000000029e-02
5.344439999999999635e+00 -1.400000000000000029e-02
5.270929999999999893e+00 -1.400000000000000029e-02
5.221119999999999983e+00 -1.400000000000000029e-02
5.306779999999999831e+00 -1.400000000000000029e-02
5.516779999999999795e+00 -1.400000000000000029e-02
5.799439999999999706e+00 -1.400000000000000029e-02
6.067759999999999820e+00 -1.400000000000000029e-02
6.230739999999999945e+00 -1.400000000000000029e-02
6.231840000000000046e+00 -1.400000000000000029e-02
6.116050000000000431e+00 -1.400000000000000029e-02
6.126070000000000348e+00 -1.400000000000000029e-02
6.196869999999999656e+00 -1.400000000000000029e-02
6.271490000000000009e+00 -1.400000000000000029e-02
6.323000000000000398e+00 -1.400000000000000029e-02
6.352909999999999613e+00 -1.400000000000000029e-02
6.367619999999999614e+00 -1.400000000000000029e-02
6.356620000000000381e+00 -1.400000000000000029e-02
6.293400000000000105e+00 -1.400000000000000029e-02
6.161739999999999995e+00 -1.400000000000000029e-02
6.076050000000000395e+00 -1.400000000000000029e-02
6.026259999999999728e+00 -1.400000000000000029e-02
5.981519999999999726e+00 -1.400000000000000029e-02
5.913350000000000328e+00 -1.400000000000000029e-02
5.794810000000000016e+00 -1.400000000000000029e-02
5.720240000000000435e+00 -1.400000000000000029e-02
5.708239999999999981e+00 -1.400000000000000029e-02
5.726440000000000197e+00 -1.400000000000000029e-02
5.743759999999999977e+00 -1.400000000000000029e-02
5.747709999999999653e+00 -1.400000000000000029e-02
5.737090000000000245e+00 -1.400000000000000029e-02
5.702740000000000364e+00 -1.400000000000000029e-02
5.623739999999999739e+00 -1.400000000000000029e-02
5.520139999999999603e+00 -1.400000000000000029e-02
5.513740000000000308e+00 -1.400000000000000029e-02
5.618249999999999744e+00 -1.400000000000000029e-02
5.825280000000000236e+00 -1.400000000000000029e-02
6.090060000000000251e+00 -1.400000000000000029e-02
6.337889999999999802e+00 -1.400000000000000029e-02
6.495829999999999771e+00 -1.400000000000000029e-02
6.516930000000000334e+00 -1.400000000000000029e-02
6.387360000000000149e+00 -1.400000000000000029e-02
6.368879999999999875e+00 -1.400000000000000029e-02
6.454170000000000407e+00 -1.400000000000000029e-02
6.578420000000000378e+00 -1.400000000000000029e-02
6.678499999999999659e+00 -1.400000000000000029e-02
6.720320000000000071e+00 -1.400000000000000029e-02
6.702420000000000044e+00 -1.400000000000000029e-02
6.629909999999999748e+00 -1.400000000000000029e-02
6.502690000000000303e+00 -1.400000000000000029e-02
6.382909999999999862e+00 -1.400000000000000029e-02
6.279259999999999842e+00 -1.400000000000000029e-02
6.151010000000000311e+00 -1.400000000000000029e-02
6.045029999999999681e+00 -1.400000000000000029e-02
5.972290000000000099e+00 -1.400000000000000029e-02
5.913269999999999804e+00 -1.400000000000000029e-02
5.864440000000000097e+00 -1.400000000000000029e-02
5.830300000000000260e+00 -1.400000000000000029e-02
5.807269999999999932e+00 -1.400000000000000029e-02
5.782399999999999984e+00 -1.400000000000000029e-02
5.743000000000000327e+00 -1.400000000000000029e-02
5.681589999999999918e+00 -1.400000000000000029e-02
5.595570000000000377e+00 -1.400000000000000029e-02
5.486550000000000260e+00 -1.400000000000000029e-02
5.364119999999999777e+00 -1.400000000000000029e-02
5.255309999999999704e+00 -1.400000000000000029e-02
5.165580000000000283e+00 -1.400000000000000029e-02
5.113120000000000331e+00 -1.400000000000000029e-02
5.114370000000000083e+00 -1.400000000000000029e-02
5.170950000000000379e+00 -1.400000000000000029e-02
5.275170000000000137e+00 -1.400000000000000029e-02
5.421050000000000146e+00 -1.400000000000000029e-02
5.602970000000000006e+00 -1.400000000000000029e-02
5.804890000000000327e+00 -1.400000000000000029e-02
5.988229999999999720e+00 -1.400000000000000029e-02
6.091599999999999682e+00 -1.200000000000000025e-02
6.052940000000000431e+00 -1.200000000000000025e-02
5.990090000000000359e+00 -1.200000000000000025e-02
6.071320000000000050e+00 -1.200000000000000025e-02
6.217699999999999783e+00 -1.200000000000000025e-02
6.350259999999999572e+00 -1.200000000000000025e-02
6.432959999999999567e+00 -1.200000000000000025e-02
6.471820000000000128e+00 -1.200000000000000025e-02
6.482940000000000147e+00 -1.200000000000000025e-02
6.470320000000000071e+00 -1.200000000000000025e-02
6.429039999999999644e+00 -1.200000000000000025e-02
6.353209999999999802e+00 -1.200000000000000025e-02
6.236710000000000420e+00 -1.200000000000000025e-02
6.116430000000000256e+00 -1.200000000000000025e-02
6.031670000000000087e+00 -1.200000000000000025e-02
5.948990000000000222e+00 -1.200000000000000025e-02
5.840049999999999741e+00 -1.200000000000000025e-02
5.713029999999999831e+00 -1.200000000000000025e-02
5.597920000000000229e+00 -1.200000000000000025e-02
5.486790000000000056e+00 -1.200000000000000025e-02
5.391729999999999912e+00 -1.200000000000000025e-02
5.318150000000000155e+00 -1.200000000000000025e-02
5.250840000000000174e+00 -1.200000000000000025e-02
5.173989999999999867e+00 -1.200000000000000025e-02
5.098340000000000316e+00 -1.200000000000000025e-02
5.048890000000000100e+00 -1.200000000000000025e-02
5.030940000000000190e+00 -1.200000000000000025e-02
5.023450000000000415e+00 -1.200000000000000025e-02
5.001599999999999824e+00 -1.200000000000000025e-02
4.953789999999999694e+00 -1.200000000000000025e-02
4.870169999999999888e+00 -1.200000000000000025e-02
4.786509999999999820e+00 -1.000000000000000021e-02
4.764059999999999739e+00 -1.000000000000000021e-02
4.788579999999999615e+00 -1.000000000000000021e-02
4.846440000000000303e+00 -1.000000000000000021e-02
4.948979999999999713e+00 -1.000000000000000021e-02
5.119060000000000166e+00 -1.000000000000000021e-02
5.356760000000000410e+00 -1.000000000000000021e-02
5.634490000000000443e+00 -1.000000000000000021e-02
5.917500000000000426e+00 -1.000000000000000021e-02
6.165659999999999918e+00 -1.000000000000000021e-02
6.308060000000000223e+00 -1.000000000000000021e-02
6.253490000000000215e+00 -1.000000000000000021e-02
6.261459999999999582e+00 -1.000000000000000021e-02
6.434440000000000381e+00 -1.000000000000000021e-02
6.633569999999999744e+00 -1.000000000000000021e-02
6.774250000000000327e+00 -1.000000000000000021e-02
6.880899999999999572e+00 -1.000000000000000021e-02
7.017039999999999722e+00 -1.000000000000000021e-02
7.188600000000000101e+00 -1.000000000000000021e-02
7.336380000000000123e+00 -1.000000000000000021e-02
7.403909999999999769e+00 -1.000000000000000021e-02
7.379129999999999967e+00 -1.000000000000000021e-02
7.268010000000000304e+00 -1.000000000000000021e-02
7.143510000000000026e+00 -1.000000000000000021e-02
7.114169999999999661e+00 -1.000000000000000021e-02
7.145419999999999661e+00 -1.000000000000000021e-02
7.184899999999999842e+00 -1.000000000000000021e-02
7.199089999999999989e+00 -1.000000000000000021e-02
7.179450000000000109e+00 -1.000000000000000021e-02
7.118389999999999773e+00 -1.000000000000000021e-02
7.002239999999999576e+00 -1.000000000000000021e-02
6.862149999999999750e+00 -1.000000000000000021e-02
6.767669999999999852e+00 -1.000000000000000021e-02
6.700230000000000352e+00 -1.000000000000000021e-02
6.658750000000000391e+00 -1.000000000000000021e-02
6.643690000000000317e+00 -1.000000000000000021e-02
6.636949999999999683e+00 -1.000000000000000021e-02
6.613859999999999850e+00 -1.000000000000000021e-02
6.579349999999999810e+00 -1.000000000000000021e-02
6.565509999999999735e+00 -1.000000000000000021e-02
6.588479999999999670e+00 -1.000000000000000021e-02
6.612440000000000317e+00 -1.000000000000000021e-02
6.571399999999999686e+00 -1.000000000000000021e-02
6.428029999999999688e+00 -1.000000000000000021e-02
6.400319999999999787e+00 -1.000000000000000021e-02
6.453450000000000131e+00 -1.000000000000000021e-02
6.543459999999999610e+00 -1.000000000000000021e-02
6.631850000000000023e+00 -1.000000000000000021e-02
6.695369999999999600e+00 -1.000000000000000021e-02
6.732990000000000030e+00 -1.000000000000000021e-02
6.757780000000000342e+00 -8.000000000000000167e-03
6.779020000000000046e+00 -8.000000000000000167e-03
6.805279999999999774e+00 -8.000000000000000167e-03
6.867329999999999934e+00 -8.000000000000000167e-03
7.011960000000000193e+00 -8.000000000000000167e-03
7.240579999999999572e+00 -8.000000000000000167e-03
7.454710000000000392e+00 -8.000000000000000167e-03
7.486710000000000420e+00 -8.000000000000000167e-03
7.415099999999999802e+00 -8.000000000000000167e-03
7.610699999999999577e+00 -8.000000000000000167e-03
7.912169999999999703e+00 -8.000000000000000167e-03
8.158970000000000056e+00 -8.000000000000000167e-03
8.290490000000000137e+00 -8.000000000000000167e-03
8.338620000000000587e+00 -8.000000000000000167e-03
8.355290000000000106e+00 -8.000000000000000167e-03
8.356559999999999988e+00 -8.000000000000000167e-03
8.319910000000000139e+00 -8.000000000000000167e-03
8.211669999999999803e+00 -8.000000000000000167e-03
8.041050000000000253e+00 -1.000000000000000021e-02
7.954690000000000261e+00 -1.000000000000000021e-02
7.908100000000000129e+00 -1.000000000000000021e-02
7.850170000000000314e+00 -1.000000000000000021e-02
7.753510000000000346e+00 -1.000000000000000021e-02
7.623190000000000133e+00 -1.000000000000000021e-02
7.474269999999999747e+00 -1.000000000000000021e-02
7.307739999999999903e+00 -1.000000000000000021e-02
7.176809999999999690e+00 -1.000000000000000021e-02
7.088210000000000122e+00 -1.000000000000000021e-02
7.027090000000000281e+00 -1.000000000000000021e-02
6.970290000000000319e+00 -1.000000000000000021e-02
6.900380000000000180e+00 -1.000000000000000021e-02
6.807929999999999815e+00 -1.000000000000000021e-02
6.684779999999999944e+00 -1.000000000000000021e-02
6.547500000000000320e+00 -8.000000000000000167e-03
6.455090000000000217e+00 -8.000000000000000167e-03
6.389330000000000176e+00 -8.000000000000000167e-03
6.319460000000000299e+00 -8.000000000000000167e-03
6.216300000000000381e+00 -8.000000000000000167e-03
6.087369999999999948e+00 -8.000000000000000167e-03
6.009199999999999875e+00 -8.000000000000000167e-03
5.974249999999999616e+00 -8.000000000000000167e-03
5.975539999999999630e+00 -8.000000000000000167e-03
5.994229999999999947e+00 -8.000000000000000167e-03
5.983080000000000176e+00 -8.000000000000000167e-03
5.880790000000000184e+00 -8.000000000000000167e-03
5.835779999999999745e+00 -8.000000000000000167e-03
5.869749999999999801e+00 -1.000000000000000021e-02
5.895880000000000010e+00 -1.000000000000000021e-02
5.854090000000000238e+00 -1.000000000000000021e-02
5.752880000000000216e+00 -1.000000000000000021e-02
5.643869999999999720e+00 -1.000000000000000021e-02
5.567870000000000097e+00 -1.000000000000000021e-02
5.526889999999999858e+00 -1.000000000000000021e-02
5.501350000000000406e+00 -1.000000000000000021e-02
5.482380000000000031e+00 -1.000000000000000021e-02
5.493759999999999977e+00 -1.000000000000000021e-02
5.589769999999999683e+00 -1.000000000000000021e-02
5.816869999999999763e+00 -1.000000000000000021e-02
6.146189999999999820e+00 -1.000000000000000021e-02
6.435229999999999784e+00 -1.000000000000000021e-02
6.490599999999999703e+00 -1.000000000000000021e-02
6.477249999999999730e+00 -1.000000000000000021e-02
6.717839999999999812e+00 -1.000000000000000021e-02
7.006890000000000285e+00 -1.000000000000000021e-02
7.188180000000000014e+00 -1.000000000000000021e-02
7.251590000000000202e+00 -1.000000000000000021e-02
7.277110000000000412e+00 -1.000000000000000021e-02
7.316569999999999574e+00 -1.000000000000000021e-02
7.343149999999999622e+00 -1.000000000000000021e-02
7.300209999999999866e+00 -8.000000000000000167e-03
7.163479999999999848e+00 -8.000000000000000167e-03
7.049929999999999808e+00 -8.000000000000000167e-03
6.970139999999999780e+00 -8.000000000000000167e-03
6.880429999999999602e+00 -8.000000000000000167e-03
6.754059999999999953e+00 -8.000000000000000167e-03
6.607050000000000090e+00 -8.000000000000000167e-03
6.463370000000000282e+00 -8.000000000000000167e-03
6.337519999999999598e+00 -8.000000000000000167e-03
6.223410000000000331e+00 -8.000000000000000167e-03
6.090290000000000425e+00 -8.000000000000000167e-03
6.022619999999999862e+00 -8.000000000000000167e-03
6.003770000000000273e+00 -8.000000000000000167e-03
5.988959999999999617e+00 -8.000000000000000167e-03
5.937990000000000101e+00 -8.000000000000000167e-03
5.832729999999999748e+00 -8.000000000000000167e-03
5.727450000000000152e+00 -8.000000000000000167e-03
5.664480000000000182e+00 -8.000000000000000167e-03
5.624380000000000379e+00 -8.000000000000000167e-03
5.591149999999999842e+00 -8.000000000000000167e-03
5.560179999999999900e+00 -8.000000000000000167e-03
5.531930000000000014e+00 -8.000000000000000167e-03
5.506240000000000023e+00 -8.000000000000000167e-03
5.473230000000000040e+00 -8.000000000000000167e-03
5.406430000000000291e+00 -1.000000000000000021e-02
5.308080000000000354e+00 -1.000000000000000021e-02
5.330790000000000362e+00 -1.000000000000000021e-02
5.461759999999999948e+00 -1.000000000000000021e-02
5.615339999999999776e+00 -1.000000000000000021e-02
5.678049999999999820e+00 -1.000000000000000021e-02
5.590180000000000149e+00 -1.000000000000000021e-02
5.547329999999999650e+00 -1.000000000000000021e-02
5.554210000000000313e+00 -1.000000000000000021e-02
5.566530000000000200e+00 -1.000000000000000021e-02
5.583000000000000185e+00 -1.000000000000000021e-02
5.598160000000000025e+00 -1.000000000000000021e-02
5.567529999999999646e+00 -1.000000000000000021e-02
5.445190000000000197e+00 -1.000000000000000021e-02
5.419310000000000294e+00 -1.000000000000000021e-02
5.415110000000000312e+00 -1.000000000000000021e-02
5.340019999999999989e+00 -1.000000000000000021e-02
5.291190000000000282e+00 -1.000000000000000021e-02
5.346320000000000405e+00 -1.000000000000000021e-02
5.471059999999999590e+00 -1.000000000000000021e-02
5.668940000000000090e+00 -1.000000000000000021e-02
5.979090000000000238e+00 -1.000000000000000021e-02
6.405660000000000132e+00 -8.000000000000000167e-03
6.841029999999999944e+00 -8.000000000000000167e-03
7.085029999999999717e+00 -8.000000000000000167e-03
6.975660000000000416e+00 -8.000000000000000167e-03
7.122189999999999799e+00 -8.000000000000000167e-03
7.460110000000000241e+00 -8.000000000000000167e-03
7.804369999999999585e+00 -8.000000000000000167e-03
8.078630000000000422e+00 -8.000000000000000167e-03
8.310140000000000526e+00 -8.000000000000000167e-03
8.522140000000000271e+00 -8.000000000000000167e-03
8.665900000000000603e+00 -8.000000000000000167e-03
8.664759999999999351e+00 -8.000000000000000167e-03
8.491880000000000095e+00 -8.000000000000000167e-03
8.407890000000000086e+00 -8.000000000000000167e-03
8.377610000000000667e+00 -8.000000000000000167e-03
8.338599999999999568e+00 -8.000000000000000167e-03
8.258969999999999700e+00 -8.000000000000000167e-03
8.132770000000000721e+00 -8.000000000000000167e-03
7.970959999999999823e+00 -8.000000000000000167e-03
7.800679999999999836e+00 -8.000000000000000167e-03
7.670130000000000337e+00 -8.000000000000000167e-03
7.597470000000000390e+00 -8.000000000000000167e-03
7.580770000000000231e+00 -8.000000000000000167e-03
7.580490000000000173e+00 -8.000000000000000167e-03
7.548239999999999839e+00 -8.000000000000000167e-03
7.469269999999999854e+00 -8.000000000000000167e-03
7.364670000000000272e+00 -1.000000000000000021e-02
7.249369999999999870e+00 -1.000000000000000021e-02
7.104790000000000383e+00 -1.000000000000000021e-02
6.991999999999999993e+00 -1.000000000000000021e-02
6.950090000000000323e+00 -1.000000000000000021e-02
6.943050000000000388e+00 -1.000000000000000021e-02
6.930159999999999876e+00 -1.000000000000000021e-02
6.899639999999999773e+00 -1.000000000000000021e-02
6.863279999999999603e+00 -1.000000000000000021e-02
6.826260000000000439e+00 -1.000000000000000021e-02
6.763069999999999915e+00 -1.000000000000000021e-02
6.626999999999999780e+00 -1.000000000000000021e-02
6.570280000000000342e+00 -8.000000000000000167e-03
6.605070000000000441e+00 -8.000000000000000167e-03
6.665560000000000151e+00 -8.000000000000000167e-03
6.683300000000000018e+00 -8.000000000000000167e-03
6.632649999999999935e+00 -8.000000000000000167e-03
6.528889999999999638e+00 -8.000000000000000167e-03
6.383379999999999832e+00 -8.000000000000000167e-03
6.294679999999999609e+00 -8.000000000000000167e-03
6.259439999999999671e+00 -8.000000000000000167e-03
6.216990000000000016e+00 -8.000000000000000167e-03
6.087080000000000268e+00 -8.000000000000000167e-03
6.047310000000000407e+00 -8.000000000000000167e-03
6.036539999999999573e+00 -8.000000000000000167e-03
5.954979999999999940e+00 -8.000000000000000167e-03
5.865890000000000271e+00 -1.000000000000000021e-02
5.832320000000000171e+00 -1.000000000000000021e-02
5.820339999999999847e+00 -1.000000000000000021e-02
5.862169999999999881e+00 -1.000000000000000021e-02
6.014719999999999622e+00 -1.000000000000000021e-02
6.297250000000000014e+00 -1.000000000000000021e-02
6.685139999999999638e+00 -1.000000000000000021e-02
7.140270000000000117e+00 -1.000000000000000021e-02
7.596149999999999736e+00 -1.000000000000000021e-02
7.914559999999999818e+00 -1.000000000000000021e-02
7.913829999999999920e+00 -1.000000000000000021e-02
7.981390000000000207e+00 -1.000000000000000021e-02
8.398870000000000502e+00 -1.000000000000000021e-02
8.945220000000000837e+00 -1.000000000000000021e-02
9.410980000000000345e+00 -1.000000000000000021e-02
9.713029999999999831e+00 -1.000000000000000021e-02
9.874079999999999302e+00 -1.000000000000000021e-02
9.927139999999999631e+00 -1.000000000000000021e-02
9.861810000000000187e+00 -1.000000000000000021e-02
9.647579999999999600e+00 -1.000000000000000021e-02
9.575530000000000541e+00 -1.000000000000000021e-02
9.601530000000000342e+00 -1.000000000000000021e-02
9.631830000000000780e+00 -1.000000000000000021e-02
9.586140000000000327e+00 -1.000000000000000021e-02
9.437110000000000554e+00 -1.000000000000000021e-02
9.237399999999999167e+00 -1.000000000000000021e-02
9.074730000000000629e+00 -1.000000000000000021e-02
8.928559999999999164e+00 -1.000000000000000021e-02
8.808749999999999858e+00 -1.000000000000000021e-02
8.726449999999999818e+00 -1.000000000000000021e-02
8.673059999999999548e+00 -1.000000000000000021e-02
8.629269999999999996e+00 -1.000000000000000021e-02
8.580479999999999663e+00 -1.000000000000000021e-02
8.508409999999999584e+00 -1.000000000000000021e-02
8.384410000000000807e+00 -1.000000000000000021e-02
8.206409999999999982e+00 -1.000000000000000021e-02
8.106360000000000454e+00 -1.000000000000000021e-02
8.057869999999999422e+00 -1.000000000000000021e-02
8.041959999999999553e+00 -1.000000000000000021e-02
8.054380000000000095e+00 -1.000000000000000021e-02
8.086460000000000647e+00 -1.000000000000000021e-02
8.113350000000000506e+00 -1.000000000000000021e-02
8.112669999999999604e+00 -1.000000000000000021e-02
8.073130000000000805e+00 -1.000000000000000021e-02
7.973489999999999966e+00 -1.000000000000000021e-02
7.818120000000000402e+00 -1.000000000000000021e-02
7.801529999999999632e+00 -1.000000000000000021e-02
7.891130000000000422e+00 -1.000000000000000021e-02
8.008589999999999876e+00 -1.000000000000000021e-02
8.092610000000000525e+00 -1.000000000000000021e-02
8.126179999999999737e+00 -1.000000000000000021e-02
8.093239999999999768e+00 -1.000000000000000021e-02
7.944099999999999717e+00 -1.200000000000000025e-02
7.886269999999999669e+00 -1.200000000000000025e-02
7.925189999999999735e+00 -1.200000000000000025e-02
7.919200000000000017e+00 -1.200000000000000025e-02
7.757719999999999949e+00 -1.200000000000000025e-02
7.713040000000000340e+00 -1.200000000000000025e-02
7.708779999999999966e+00 -1.200000000000000025e-02
7.643180000000000085e+00 -1.200000000000000025e-02
7.485809999999999853e+00 -1.200000000000000025e-02
7.378930000000000433e+00 -1.200000000000000025e-02
7.327350000000000030e+00 -1.200000000000000025e-02
7.325809999999999711e+00 -1.200000000000000025e-02
7.379780000000000229e+00 -1.200000000000000025e-02
7.492810000000000414e+00 -1.200000000000000025e-02
7.662359999999999616e+00 -1.200000000000000025e-02
7.878400000000000070e+00 -1.200000000000000025e-02
8.131069999999999354e+00 -1.200000000000000025e-02
8.401550000000000296e+00 -1.200000000000000025e-02
8.633480000000000487e+00 -1.200000000000000025e-02
8.709490000000000620e+00 -1.200000000000000025e-02
8.538119999999999266e+00 -1.200000000000000025e-02
8.726029999999999731e+00 -1.200000000000000025e-02
9.168680000000000163e+00 -1.200000000000000025e-02
9.648930000000000007e+00 -1.200000000000000025e-02
9.982079999999999842e+00 -1.200000000000000025e-02
1.011810000000000009e+01 -1.200000000000000025e-02
1.011580000000000013e+01 -1.200000000000000025e-02
1.003480000000000061e+01 -1.200000000000000025e-02
9.874019999999999797e+00 -1.200000000000000025e-02
9.702009999999999579e+00 -1.200000000000000025e-02
9.644830000000000680e+00 -1.200000000000000025e-02
9.638220000000000454e+00 -1.200000000000000025e-02
9.596379999999999910e+00 -1.200000000000000025e-02
9.462630000000000763e+00 -1.200000000000000025e-02
9.267870000000000275e+00 -1.200000000000000025e-02
9.142910000000000537e+00 -1.200000000000000025e-02
9.046160000000000423e+00 -1.200000000000000025e-02
8.955090000000000217e+00 -1.200000000000000025e-02
8.869059999999999278e+00 -1.200000000000000025e-02
8.794420000000000570e+00 -1.000000000000000021e-02
8.729480000000000572e+00 -1.000000000000000021e-02
8.661979999999999791e+00 -1.000000000000000021e-02
8.570570000000000022e+00 -1.000000000000000021e-02
8.431259999999999977e+00 -1.000000000000000021e-02
8.255250000000000199e+00 -1.000000000000000021e-02
8.150539999999999452e+00 -1.000000000000000021e-02
8.105669999999999931e+00 -1.000000000000000021e-02
8.114110000000000156e+00 -1.000000000000000021e-02
8.176339999999999719e+00 -1.000000000000000021e-02
8.277070000000000149e+00 -1.000000000000000021e-02
8.369080000000000297e+00 -1.000000000000000021e-02
8.392110000000000625e+00 -1.000000000000000021e-02
8.312829999999999941e+00 -1.000000000000000021e-02
8.135979999999999990e+00 -1.000000000000000021e-02
8.020910000000000650e+00 -1.000000000000000021e-02
7.966280000000000250e+00 -1.000000000000000021e-02
7.953920000000000101e+00 -1.000000000000000021e-02
7.965150000000000396e+00 -1.000000000000000021e-02
7.996179999999999843e+00 -1.000000000000000021e-02
8.057430000000000092e+00 -1.000000000000000021e-02
8.136789999999999523e+00 -1.000000000000000021e-02
8.162440000000000140e+00 -1.000000000000000021e-02
8.037800000000000722e+00 -1.000000000000000021e-02
7.977940000000000254e+00 -1.000000000000000021e-02
8.005200000000000315e+00 -1.000000000000000021e-02
7.970089999999999897e+00 -1.000000000000000021e-02
7.793370000000000353e+00 -1.000000000000000021e-02
7.719820000000000348e+00 -1.000000000000000021e-02
7.654040000000000177e+00 -1.000000000000000021e-02
7.531310000000000393e+00 -1.000000000000000021e-02
7.376509999999999678e+00 -1.000000000000000021e-02
7.267039999999999722e+00 -1.000000000000000021e-02
7.196570000000000356e+00 -1.000000000000000021e-02
7.181490000000000151e+00 -1.000000000000000021e-02
7.242650000000000254e+00 -1.000000000000000021e-02
7.374310000000000365e+00 -1.000000000000000021e-02
7.530479999999999841e+00 -1.000000000000000021e-02
7.651139999999999830e+00 -1.000000000000000021e-02
7.722769999999999690e+00 -1.000000000000000021e-02
7.809650000000000425e+00 -1.000000000000000021e-02
7.992079999999999629e+00 -1.000000000000000021e-02
8.249639999999999418e+00 -1.000000000000000021e-02
8.420109999999999317e+00 -1.000000000000000021e-02
8.303729999999999833e+00 -1.000000000000000021e-02
8.412000000000000810e+00 -1.000000000000000021e-02
8.786830000000000140e+00 -1.000000000000000021e-02
9.224709999999999965e+00 -1.000000000000000021e-02
9.558849999999999625e+00 -1.000000000000000021e-02
9.725390000000000867e+00 -1.000000000000000021e-02
9.740850000000000009e+00 -1.000000000000000021e-02
9.651690000000000325e+00 -1.000000000000000021e-02
9.498649999999999594e+00 -1.000000000000000021e-02
9.297570000000000334e+00 -1.000000000000000021e-02
9.139020000000000366e+00 -1.000000000000000021e-02
9.050499999999999545e+00 -1.000000000000000021e-02
8.994350000000000733e+00 -1.000000000000000021e-02
8.896100000000000563e+00 -1.000000000000000021e-02
8.698639999999999262e+00 -1.000000000000000021e-02
8.594390000000000640e+00 -1.000000000000000021e-02
8.525949999999999918e+00 -1.000000000000000021e-02
8.441560000000000841e+00 -1.000000000000000021e-02
8.339600000000000790e+00 -1.000000000000000021e-02
8.247909999999999187e+00 -1.000000000000000021e-02
8.179759999999999920e+00 -1.000000000000000021e-02
8.119559999999999889e+00 -1.000000000000000021e-02
8.043319999999999581e+00 -1.000000000000000021e-02
7.935290000000000177e+00 -1.000000000000000021e-02
7.782779999999999809e+00 -1.000000000000000021e-02
7.648259999999999614e+00 -1.000000000000000021e-02
7.599619999999999820e+00 -1.000000000000000021e-02
7.629950000000000010e+00 -1.000000000000000021e-02
7.703490000000000393e+00 -1.000000000000000021e-02
7.770419999999999661e+00 -1.000000000000000021e-02
7.792900000000000382e+00 -1.000000000000000021e-02
7.757500000000000284e+00 -1.000000000000000021e-02
7.670950000000000379e+00 -1.000000000000000021e-02
7.542950000000000266e+00 -1.000000000000000021e-02
7.375799999999999912e+00 -1.000000000000000021e-02
7.264739999999999753e+00 -1.000000000000000021e-02
7.202259999999999884e+00 -1.000000000000000021e-02
7.160949999999999704e+00 -1.000000000000000021e-02
7.116249999999999964e+00 -1.000000000000000021e-02
7.076360000000000205e+00 -1.000000000000000021e-02
7.077399999999999913e+00 -1.000000000000000021e-02
7.130799999999999805e+00 -1.000000000000000021e-02
7.176499999999999879e+00 -1.000000000000000021e-02
7.112919999999999909e+00 -1.000000000000000021e-02
7.012950000000000017e+00 -1.000000000000000021e-02
7.006450000000000067e+00 -1.000000000000000021e-02
6.963260000000000005e+00 -1.000000000000000021e-02
6.813640000000000363e+00 -1.000000000000000021e-02
6.720690000000000275e+00 -8.000000000000000167e-03
6.615429999999999922e+00 -8.000000000000000167e-03
6.472019999999999662e+00 -8.000000000000000167e-03
6.329900000000000304e+00 -8.000000000000000167e-03
6.189879999999999605e+00 -8.000000000000000167e-03
6.090029999999999610e+00 -8.000000000000000167e-03
6.081819999999999560e+00 -8.000000000000000167e-03
6.150140000000000384e+00 -8.000000000000000167e-03
6.237910000000000288e+00 -8.000000000000000167e-03
6.315710000000000157e+00 -8.000000000000000167e-03
6.395739999999999981e+00 -8.000000000000000167e-03
6.487529999999999575e+00 -8.000000000000000167e-03
6.581690000000000040e+00 -8.000000000000000167e-03
6.692249999999999588e+00 -8.000000000000000167e-03
6.869189999999999685e+00 -8.000000000000000167e-03
7.113550000000000040e+00 -8.000000000000000167e-03
7.293529999999999625e+00 -8.000000000000000167e-03
7.205420000000000158e+00 -8.000000000000000167e-03
7.338820000000000121e+00 -8.000000000000000167e-03
7.740759999999999863e+00 -8.000000000000000167e-03
8.185560000000000613e+00 -8.000000000000000167e-03
8.506099999999999994e+00 -8.000000000000000167e-03
8.671720000000000539e+00 -8.000000000000000167e-03
8.725350000000000605e+00 -8.000000000000000167e-03
8.694850000000000634e+00 -8.000000000000000167e-03
8.577769999999999229e+00 -8.000000000000000167e-03
8.401579999999999160e+00 -8.000000000000000167e-03
8.313019999999999854e+00 -8.000000000000000167e-03
8.282939999999999969e+00 -8.000000000000000167e-03
8.260989999999999611e+00 -8.000000000000000167e-03
8.177649999999999864e+00 -8.000000000000000167e-03
8.007220000000000226e+00 -8.000000000000000167e-03
7.948450000000000237e+00 -8.000000000000000167e-03
7.935900000000000176e+00 -8.000000000000000167e-03
7.909110000000000085e+00 -8.000000000000000167e-03
7.854610000000000092e+00 -8.000000000000000167e-03
7.795650000000000190e+00 -8.000000000000000167e-03
7.751240000000000130e+00 -8.000000000000000167e-03
7.713530000000000442e+00 -8.000000000000000167e-03
7.656450000000000422e+00 -8.000000000000000167e-03
7.545060000000000322e+00 -8.000000000000000167e-03
7.405870000000000175e+00 -8.000000000000000167e-03
7.373630000000000351e+00 -8.000000000000000167e-03
7.419539999999999580e+00 -8.000000000000000167e-03
7.487770000000000259e+00 -8.000000000000000167e-03
7.532119999999999926e+00 -1.000000000000000021e-02
7.539990000000000414e+00 -8.000000000000000167e-03
7.521230000000000082e+00 -8.000000000000000167e-03
7.481419999999999959e+00 -8.000000000000000167e-03
7.410120000000000040e+00 -8.000000000000000167e-03
7.285389999999999588e+00 -8.000000000000000167e-03
7.151370000000000005e+00 -8.000000000000000167e-03
7.079909999999999926e+00 -8.000000000000000167e-03
7.020880000000000010e+00 -8.000000000000000167e-03
6.913870000000000182e+00 -8.000000000000000167e-03
6.773900000000000254e+00 -8.000000000000000167e-03
6.647490000000000343e+00 -8.000000000000000167e-03
6.547799999999999621e+00 -8.000000000000000167e-03
6.559199999999999697e+00 -8.000000000000000167e-03
6.625709999999999766e+00 -8.000000000000000167e-03
6.653789999999999871e+00 -8.000000000000000167e-03
6.590410000000000323e+00 -8.000000000000000167e-03
6.453100000000000058e+00 -8.000000000000000167e-03
6.321509999999999962e+00 -8.000000000000000167e-03
6.180760000000000254e+00 -8.000000000000000167e-03
6.058080000000000354e+00 -8.000000000000000167e-03
5.929190000000000182e+00 -8.000000000000000167e-03
5.814750000000000085e+00 -8.000000000000000167e-03
5.717430000000000234e+00 -8.000000000000000167e-03
5.613679999999999559e+00 -8.000000000000000167e-03
5.505860000000000198e+00 -8.000000000000000167e-03
5.434859999999999580e+00 -8.000000000000000167e-03
5.443319999999999936e+00 -8.000000000000000167e-03
5.527499999999999858e+00 -8.000000000000000167e-03
5.640640000000000320e+00 -8.000000000000000167e-03
5.742370000000000196e+00 -8.000000000000000167e-03
5.826290000000000191e+00 -8.000000000000000167e-03
5.894370000000000331e+00 -8.000000000000000167e-03
5.934450000000000003e+00 -8.000000000000000167e-03
5.955669999999999575e+00 -8.000000000000000167e-03
6.020340000000000025e+00 -8.000000000000000167e-03
6.190419999999999590e+00 -8.000000000000000167e-03
6.421000000000000263e+00 -8.000000000000000167e-03
6.542679999999999829e+00 -8.000000000000000167e-03
6.408450000000000202e+00 -8.000000000000000167e-03
6.593609999999999971e+00 -8.000000000000000167e-03
6.979320000000000412e+00 -8.000000000000000167e-03
7.406290000000000262e+00 -8.000000000000000167e-03
7.762260000000000382e+00 -8.000000000000000167e-03
7.979510000000000325e+00 -8.000000000000000167e-03
8.009180000000000632e+00 -8.000000000000000167e-03
7.843580000000000219e+00 -8.000000000000000167e-03
7.794059999999999988e+00 -8.000000000000000167e-03
7.793569999999999887e+00 -8.000000000000000167e-03
7.774610000000000021e+00 -8.000000000000000167e-03
7.713189999999999991e+00 -8.000000000000000167e-03
7.593140000000000001e+00 -8.000000000000000167e-03
7.456240000000000201e+00 -8.000000000000000167e-03
7.412799999999999834e+00 -8.000000000000000167e-03
7.417270000000000252e+00 -8.000000000000000167e-03
7.413140000000000285e+00 -8.000000000000000167e-03
7.384149999999999991e+00 -8.000000000000000167e-03
7.351250000000000284e+00 -8.000000000000000167e-03
7.323690000000000033e+00 -8.000000000000000167e-03
7.281259999999999621e+00 -8.000000000000000167e-03
7.200849999999999973e+00 -8.000000000000000167e-03
7.075719999999999565e+00 -8.000000000000000167e-03
6.933580000000000076e+00 -8.000000000000000167e-03
6.866999999999999993e+00 -8.000000000000000167e-03
6.881330000000000169e+00 -8.000000000000000167e-03
6.939709999999999823e+00 -8.000000000000000167e-03
6.984379999999999811e+00 -8.000000000000000167e-03
6.985019999999999563e+00 -8.000000000000000167e-03
6.949729999999999741e+00 -8.000000000000000167e-03
6.887830000000000119e+00 -8.000000000000000167e-03
6.783850000000000158e+00 -8.000000000000000167e-03
6.642669999999999852e+00 -8.000000000000000167e-03
6.554560000000000386e+00 -8.000000000000000167e-03
6.480940000000000367e+00 -8.000000000000000167e-03
6.388499999999999623e+00 -8.000000000000000167e-03
6.261660000000000004e+00 -8.000000000000000167e-03
6.148220000000000240e+00 -8.000000000000000167e-03
6.070839999999999570e+00 -8.000000000000000167e-03
5.984680000000000000e+00 -8.000000000000000167e-03
5.873929999999999652e+00 -8.000000000000000167e-03
5.867409999999999570e+00 -8.000000000000000167e-03
5.927509999999999835e+00 -8.000000000000000167e-03
5.988679999999999559e+00 -8.000000000000000167e-03
6.018600000000000172e+00 -8.000000000000000167e-03
6.024860000000000326e+00 -8.000000000000000167e-03
6.009039999999999715e+00 -8.000000000000000167e-03
5.944130000000000358e+00 -8.000000000000000167e-03
5.816399999999999793e+00 -8.000000000000000167e-03
5.752379999999999605e+00 -8.000000000000000167e-03
5.703359999999999985e+00 -8.000000000000000167e-03
5.632369999999999877e+00 -8.000000000000000167e-03
5.540639999999999787e+00 -8.000000000000000167e-03
5.455849999999999866e+00 -8.000000000000000167e-03
5.411459999999999937e+00 -8.000000000000000167e-03
5.428960000000000008e+00 -8.000000000000000167e-03
5.503440000000000332e+00 -8.000000000000000167e-03
5.597240000000000215e+00 -8.000000000000000167e-03
5.660910000000000331e+00 -8.000000000000000167e-03
5.673350000000000115e+00 -8.000000000000000167e-03
5.654469999999999885e+00 -8.000000000000000167e-03
5.635130000000000194e+00 -8.000000000000000167e-03
5.632570000000000299e+00 -8.000000000000000167e-03
5.672089999999999854e+00 -8.000000000000000167e-03
5.800440000000000040e+00 -8.000000000000000167e-03
6.036900000000000155e+00 -8.000000000000000167e-03
6.294319999999999915e+00 -8.000000000000000167e-03
6.389929999999999666e+00 -8.000000000000000167e-03
6.324080000000000368e+00 -8.000000000000000167e-03
6.582460000000000200e+00 -8.000000000000000167e-03
7.020369999999999777e+00 -8.000000000000000167e-03
7.463840000000000252e+00 -8.000000000000000167e-03
7.795600000000000307e+00 -8.000000000000000167e-03
7.954679999999999751e+00 -8.000000000000000167e-03
7.907560000000000144e+00 -8.000000000000000167e-03
7.794229999999999769e+00 -8.000000000000000167e-03
7.804649999999999643e+00 -8.000000000000000167e-03
7.825940000000000119e+00 -8.000000000000000167e-03
7.783229999999999649e+00 -8.000000000000000167e-03
7.662259999999999849e+00 -8.000000000000000167e-03
7.506479999999999819e+00 -8.000000000000000167e-03
7.419900000000000162e+00 -8.000000000000000167e-03
7.392310000000000159e+00 -8.000000000000000167e-03
7.387699999999999712e+00 -8.000000000000000167e-03
7.370800000000000018e+00 -8.000000000000000167e-03
7.339710000000000178e+00 -8.000000000000000167e-03
7.315889999999999560e+00 -8.000000000000000167e-03
7.296540000000000248e+00 -8.000000000000000167e-03
7.242219999999999658e+00 -8.000000000000000167e-03
7.111729999999999663e+00 -8.000000000000000167e-03
7.004209999999999603e+00 -8.000000000000000167e-03
6.961540000000000283e+00 -8.000000000000000167e-03
6.962690000000000268e+00 -8.000000000000000167e-03
6.993859999999999744e+00 -8.000000000000000167e-03
7.036690000000000111e+00 -8.000000000000000167e-03
7.063200000000000145e+00 -8.000000000000000167e-03
7.048079999999999679e+00 -8.000000000000000167e-03
6.977520000000000167e+00 -8.000000000000000167e-03
6.849510000000000431e+00 -8.000000000000000167e-03
6.717290000000000205e+00 -8.000000000000000167e-03
6.614099999999999646e+00 -8.000000000000000167e-03
6.514120000000000132e+00 -8.000000000000000167e-03
6.405000000000000249e+00 -8.000000000000000167e-03
6.282309999999999839e+00 -8.000000000000000167e-03
6.153950000000000031e+00 -8.000000000000000167e-03
6.083440000000000403e+00 -8.000000000000000167e-03
6.055399999999999672e+00 -8.000000000000000167e-03
6.008040000000000269e+00 -8.000000000000000167e-03
5.885329999999999728e+00 -8.000000000000000167e-03
5.811700000000000088e+00 -8.000000000000000167e-03
5.760270000000000223e+00 -8.000000000000000167e-03
5.715379999999999683e+00 -8.000000000000000167e-03
5.722990000000000244e+00 -8.000000000000000167e-03
5.821690000000000254e+00 -8.000000000000000167e-03
5.966639999999999944e+00 -8.000000000000000167e-03
6.050930000000000142e+00 -8.000000000000000167e-03
6.006070000000000242e+00 -8.000000000000000167e-03
5.891449999999999854e+00 -8.000000000000000167e-03
5.834740000000000038e+00 -8.000000000000000167e-03
5.808830000000000382e+00 -8.000000000000000167e-03
5.819840000000000124e+00 -8.000000000000000167e-03
5.860159999999999592e+00 -8.000000000000000167e-03
5.894999999999999574e+00 -8.000000000000000167e-03
5.898159999999999847e+00 -8.000000000000000167e-03
5.877769999999999939e+00 -8.000000000000000167e-03
5.852870000000000239e+00 -8.000000000000000167e-03
5.820500000000000007e+00 -8.000000000000000167e-03
5.762929999999999886e+00 -8.000000000000000167e-03
5.677690000000000126e+00 -8.000000000000000167e-03
5.584410000000000096e+00 -8.000000000000000167e-03
5.502180000000000071e+00 -8.000000000000000167e-03
5.444239999999999746e+00 -8.000000000000000167e-03
5.438519999999999577e+00 -8.000000000000000167e-03
5.536260000000000403e+00 -8.000000000000000167e-03
5.774049999999999905e+00 -8.000000000000000167e-03
6.108310000000000350e+00 -8.000000000000000167e-03
6.401209999999999845e+00 -8.000000000000000167e-03
6.479829999999999757e+00 -8.000000000000000167e-03
6.437800000000000189e+00 -8.000000000000000167e-03
6.723200000000000287e+00 -8.000000000000000167e-03
7.217299999999999827e+00 -8.000000000000000167e-03
7.743190000000000239e+00 -8.000000000000000167e-03
8.131099999999999994e+00 -8.000000000000000167e-03
8.275130000000000763e+00 -8.000000000000000167e-03
8.163990000000000080e+00 -8.000000000000000167e-03
8.091390000000000526e+00 -8.000000000000000167e-03
8.098129999999999384e+00 -8.000000000000000167e-03
8.090889999999999915e+00 -8.000000000000000167e-03
8.019819999999999283e+00 -8.000000000000000167e-03
7.874019999999999797e+00 -8.000000000000000167e-03
7.730389999999999873e+00 -8.000000000000000167e-03
7.636870000000000047e+00 -8.000000000000000167e-03
7.570459999999999745e+00 -8.000000000000000167e-03
7.520410000000000039e+00 -8.000000000000000167e-03
7.492060000000000386e+00 -8.000000000000000167e-03
7.487709999999999866e+00 -8.000000000000000167e-03
7.483500000000000263e+00 -8.000000000000000167e-03
7.432929999999999815e+00 -8.000000000000000167e-03
7.301190000000000069e+00 -8.000000000000000167e-03
7.180990000000000428e+00 -8.000000000000000167e-03
7.106370000000000076e+00 -8.000000000000000167e-03
7.045490000000000030e+00 -8.000000000000000167e-03
6.990840000000000387e+00 -8.000000000000000167e-03
6.947479999999999656e+00 -8.000000000000000167e-03
6.913030000000000008e+00 -8.000000000000000167e-03
6.872410000000000352e+00 -8.000000000000000167e-03
6.807690000000000019e+00 -8.000000000000000167e-03
6.705510000000000304e+00 -8.000000000000000167e-03
6.564250000000000362e+00 -8.000000000000000167e-03
6.436040000000000205e+00 -8.000000000000000167e-03
6.314589999999999925e+00 -8.000000000000000167e-03
6.185500000000000220e+00 -8.000000000000000167e-03
6.051230000000000331e+00 -8.000000000000000167e-03
5.917959999999999887e+00 -8.000000000000000167e-03
5.796240000000000059e+00 -8.000000000000000167e-03
5.713320000000000398e+00 -8.000000000000000167e-03
5.664550000000000196e+00 -8.000000000000000167e-03
5.611040000000000028e+00 -8.000000000000000167e-03
5.515220000000000233e+00 -8.000000000000000167e-03
5.398489999999999789e+00 -8.000000000000000167e-03
5.287410000000000387e+00 -8.000000000000000167e-03
5.179800000000000182e+00 -8.000000000000000167e-03
5.125479999999999592e+00 -8.000000000000000167e-03
5.176750000000000185e+00 -8.000000000000000167e-03
5.324139999999999873e+00 -8.000000000000000167e-03
5.497250000000000192e+00 -8.000000000000000167e-03
5.619979999999999976e+00 -8.000000000000000167e-03
5.648719999999999963e+00 -8.000000000000000167e-03
5.563909999999999911e+00 -8.000000000000000167e-03
5.522070000000000256e+00 -8.000000000000000167e-03
5.594979999999999620e+00 -8.000000000000000167e-03
5.731659999999999755e+00 -8.000000000000000167e-03
5.864220000000000432e+00 -8.000000000000000167e-03
5.945960000000000356e+00 -8.000000000000000167e-03
5.963449999999999918e+00 -8.000000000000000167e-03
5.915119999999999933e+00 -8.000000000000000167e-03
5.799540000000000362e+00 -8.000000000000000167e-03
5.707900000000000418e+00 -8.000000000000000167e-03
5.634759999999999991e+00 -8.000000000000000167e-03
5.539299999999999891e+00 -8.000000000000000167e-03
5.419139999999999624e+00 -8.000000000000000167e-03
5.325169999999999959e+00 -8.000000000000000167e-03
5.257240000000000357e+00 -8.000000000000000167e-03
5.238760000000000083e+00 -8.000000000000000167e-03
5.291559999999999597e+00 -8.000000000000000167e-03
5.418490000000000251e+00 -8.000000000000000167e-03
5.622580000000000133e+00 -8.000000000000000167e-03
5.914259999999999629e+00 -8.000000000000000167e-03
6.268919999999999604e+00 -8.000000000000000167e-03
6.571620000000000239e+00 -8.000000000000000167e-03
6.638469999999999871e+00 -8.000000000000000167e-03
6.645270000000000010e+00 -8.000000000000000167e-03
7.007850000000000357e+00 -8.000000000000000167e-03
7.547500000000000320e+00 -8.000000000000000167e-03
8.045489999999999142e+00 -8.000000000000000167e-03
8.358760000000000190e+00 -8.000000000000000167e-03
8.453739999999999810e+00 -8.000000000000000167e-03
8.367559999999999221e+00 -6.000000000000000125e-03
8.201029999999999376e+00 -6.000000000000000125e-03
8.105520000000000280e+00 -6.000000000000000125e-03
8.028700000000000614e+00 -6.000000000000000125e-03
7.932559999999999611e+00 -6.000000000000000125e-03
7.798720000000000319e+00 -6.000000000000000125e-03
7.625420000000000087e+00 -6.000000000000000125e-03
7.488870000000000360e+00 -6.000000000000000125e-03
7.381269999999999776e+00 -6.000000000000000125e-03
7.293129999999999669e+00 -6.000000000000000125e-03
7.217349999999999710e+00 -6.000000000000000125e-03
7.147389999999999688e+00 -6.000000000000000125e-03
7.075409999999999755e+00 -6.000000000000000125e-03
6.994600000000000151e+00 -6.000000000000000125e-03
6.902610000000000134e+00 -6.000000000000000125e-03
6.798720000000000319e+00 -8.000000000000000167e-03
6.674719999999999764e+00 -8.000000000000000167e-03
6.534620000000000317e+00 -8.000000000000000167e-03
6.444049999999999834e+00 -8.000000000000000167e-03
6.391989999999999839e+00 -8.000000000000000167e-03
6.356519999999999726e+00 -8.000000000000000167e-03
6.318909999999999805e+00 -8.000000000000000167e-03
6.266650000000000276e+00 -8.000000000000000167e-03
6.189580000000000304e+00 -8.000000000000000167e-03
6.083289999999999864e+00 -8.000000000000000167e-03
5.959929999999999950e+00 -8.000000000000000167e-03
5.840810000000000279e+00 -8.000000000000000167e-03
5.731910000000000061e+00 -8.000000000000000167e-03
5.614429999999999588e+00 -8.000000000000000167e-03
5.497519999999999740e+00 -8.000000000000000167e-03
5.375339999999999563e+00 -6.000000000000000125e-03
5.307760000000000034e+00 -6.000000000000000125e-03
5.286690000000000111e+00 -6.000000000000000125e-03
5.242029999999999745e+00 -6.000000000000000125e-03
5.134409999999999918e+00 -6.000000000000000125e-03
5.093169999999999753e+00 -6.000000000000000125e-03
5.041760000000000019e+00 -6.000000000000000125e-03
4.946159999999999890e+00 -6.000000000000000125e-03
4.860179999999999723e+00 -6.000000000000000125e-03
4.864950000000000330e+00 -6.000000000000000125e-03
4.977430000000000021e+00 -6.000000000000000125e-03
5.137800000000000367e+00 -6.000000000000000125e-03
5.270170000000000243e+00 -6.000000000000000125e-03
5.333129999999999704e+00 -6.000000000000000125e-03
5.312850000000000072e+00 -6.000000000000000125e-03
5.196159999999999890e+00 -6.000000000000000125e-03
5.184470000000000134e+00 -6.000000000000000125e-03
5.261989999999999945e+00 -6.000000000000000125e-03
5.376610000000000333e+00 -6.000000000000000125e-03
5.476790000000000269e+00 -6.000000000000000125e-03
5.533159999999999634e+00 -6.000000000000000125e-03
5.535510000000000375e+00 -6.000000000000000125e-03
5.479250000000000398e+00 -6.000000000000000125e-03
5.363570000000000171e+00 -6.000000000000000125e-03
5.287309999999999732e+00 -6.000000000000000125e-03
5.238019999999999676e+00 -6.000000000000000125e-03
5.182979999999999698e+00 -6.000000000000000125e-03
5.094219999999999970e+00 -6.000000000000000125e-03
5.006569999999999965e+00 -6.000000000000000125e-03
4.985120000000000218e+00 -6.000000000000000125e-03
5.031749999999999723e+00 -6.000000000000000125e-03
5.140030000000000321e+00 -6.000000000000000125e-03
5.296859999999999680e+00 -6.000000000000000125e-03
5.490599999999999703e+00 -6.000000000000000125e-03
5.723939999999999806e+00 -6.000000000000000125e-03
6.004439999999999777e+00 -6.000000000000000125e-03
6.305209999999999759e+00 -6.000000000000000125e-03
6.525640000000000107e+00 -6.000000000000000125e-03
6.517759999999999998e+00 -6.000000000000000125e-03
6.562330000000000219e+00 -6.000000000000000125e-03
6.907740000000000435e+00 -6.000000000000000125e-03
7.393760000000000332e+00 -6.000000000000000125e-03
7.834859999999999935e+00 -6.000000000000000125e-03
8.118349999999999511e+00 -6.000000000000000125e-03
8.220810000000000173e+00 -6.000000000000000125e-03
8.165699999999999292e+00 -6.000000000000000125e-03
7.987619999999999720e+00 -6.000000000000000125e-03
7.890970000000000262e+00 -6.000000000000000125e-03
7.839859999999999829e+00 -6.000000000000000125e-03
7.792910000000000004e+00 -6.000000000000000125e-03
7.719570000000000043e+00 -6.000000000000000125e-03
7.598959999999999937e+00 -6.000000000000000125e-03
7.437020000000000408e+00 -6.000000000000000125e-03
7.328590000000000160e+00 -6.000000000000000125e-03
7.241139999999999688e+00 -6.000000000000000125e-03
7.147599999999999731e+00 -6.000000000000000125e-03
7.050169999999999604e+00 -6.000000000000000125e-03
6.969430000000000014e+00 -6.000000000000000125e-03
6.912449999999999761e+00 -6.000000000000000125e-03
6.860759999999999970e+00 -6.000000000000000125e-03
6.788660000000000139e+00 -6.000000000000000125e-03
6.683379999999999654e+00 -6.000000000000000125e-03
6.542430000000000412e+00 -6.000000000000000125e-03
6.427719999999999878e+00 -6.000000000000000125e-03
6.355059999999999931e+00 -6.000000000000000125e-03
6.313430000000000319e+00 -6.000000000000000125e-03
6.288240000000000052e+00 -6.000000000000000125e-03
6.267039999999999722e+00 -6.000000000000000125e-03
6.239440000000000097e+00 -6.000000000000000125e-03
6.190870000000000317e+00 -6.000000000000000125e-03
6.110590000000000188e+00 -6.000000000000000125e-03
6.002030000000000420e+00 -6.000000000000000125e-03
5.879480000000000040e+00 -6.000000000000000125e-03
5.752729999999999677e+00 -6.000000000000000125e-03
5.627250000000000085e+00 -6.000000000000000125e-03
5.517689999999999984e+00 -6.000000000000000125e-03
5.439860000000000362e+00 -6.000000000000000125e-03
5.381409999999999805e+00 -6.000000000000000125e-03
5.296129999999999782e+00 -6.000000000000000125e-03
5.208219999999999850e+00 -6.000000000000000125e-03
5.175300000000000011e+00 -6.000000000000000125e-03
5.148010000000000197e+00 -6.000000000000000125e-03
5.105500000000000149e+00 -6.000000000000000125e-03
5.083269999999999733e+00 -6.000000000000000125e-03
5.125079999999999636e+00 -6.000000000000000125e-03
5.226130000000000386e+00 -6.000000000000000125e-03
5.338630000000000209e+00 -6.000000000000000125e-03
5.419940000000000424e+00 -6.000000000000000125e-03
5.457720000000000127e+00 -6.000000000000000125e-03
5.448529999999999873e+00 -6.000000000000000125e-03
5.378790000000000404e+00 -6.000000000000000125e-03
5.280750000000000277e+00 -6.000000000000000125e-03
5.256649999999999601e+00 -6.000000000000000125e-03
5.287670000000000314e+00 -6.000000000000000125e-03
5.352249999999999730e+00 -6.000000000000000125e-03
5.420530000000000292e+00 -6.000000000000000125e-03
5.447230000000000238e+00 -6.000000000000000125e-03
5.392599999999999838e+00 -6.000000000000000125e-03
5.291140000000000398e+00 -6.000000000000000125e-03
5.246319999999999872e+00 -6.000000000000000125e-03
5.216529999999999667e+00 -6.000000000000000125e-03
5.176809999999999690e+00 -6.000000000000000125e-03
5.106659999999999755e+00 -6.000000000000000125e-03
5.003739999999999633e+00 -6.000000000000000125e-03
4.978390000000000093e+00 -6.000000000000000125e-03
5.016140000000000043e+00 -6.000000000000000125e-03
5.083820000000000228e+00 -6.000000000000000125e-03
5.162119999999999820e+00 -6.000000000000000125e-03
5.253989999999999938e+00 -6.000000000000000125e-03
5.364440000000000097e+00 -6.000000000000000125e-03
5.489220000000000432e+00 -6.000000000000000125e-03
5.634769999999999612e+00 -6.000000000000000125e-03
5.819919999999999760e+00 -6.000000000000000125e-03
6.031889999999999752e+00 -6.000000000000000125e-03
6.182760000000000034e+00 -6.000000000000000125e-03
6.135970000000000368e+00 -6.000000000000000125e-03
6.192919999999999980e+00 -6.000000000000000125e-03
6.505309999999999704e+00 -6.000000000000000125e-03
6.932859999999999800e+00 -6.000000000000000125e-03
7.322470000000000034e+00 -6.000000000000000125e-03
7.579509999999999970e+00 -6.000000000000000125e-03
7.678060000000000329e+00 -6.000000000000000125e-03
7.634109999999999729e+00 -6.000000000000000125e-03
7.481830000000000425e+00 -6.000000000000000125e-03
7.364530000000000243e+00 -6.000000000000000125e-03
7.279390000000000249e+00 -6.000000000000000125e-03
7.195500000000000007e+00 -6.000000000000000125e-03
7.096210000000000129e+00 -6.000000000000000125e-03
6.976479999999999571e+00 -6.000000000000000125e-03
6.840130000000000265e+00 -6.000000000000000125e-03
6.693249999999999922e+00 -6.000000000000000125e-03
6.549599999999999866e+00 -6.000000000000000125e-03
6.433159999999999989e+00 -6.000000000000000125e-03
6.354300000000000281e+00 -6.000000000000000125e-03
6.308060000000000223e+00 -6.000000000000000125e-03
6.271959999999999980e+00 -6.000000000000000125e-03
6.221580000000000332e+00 -6.000000000000000125e-03
6.147450000000000081e+00 -6.000000000000000125e-03
6.047509999999999941e+00 -6.000000000000000125e-03
5.914860000000000007e+00 -6.000000000000000125e-03
5.827219999999999622e+00 -6.000000000000000125e-03
5.793490000000000251e+00 -6.000000000000000125e-03
5.798390000000000377e+00 -6.000000000000000125e-03
5.815669999999999895e+00 -6.000000000000000125e-03
5.820120000000000182e+00 -6.000000000000000125e-03
5.794979999999999798e+00 -6.000000000000000125e-03
5.737499999999999822e+00 -6.000000000000000125e-03
5.660849999999999937e+00 -6.000000000000000125e-03
5.586839999999999584e+00 -6.000000000000000125e-03
5.525100000000000122e+00 -6.000000000000000125e-03
5.462570000000000370e+00 -6.000000000000000125e-03
5.380670000000000286e+00 -6.000000000000000125e-03
5.281469999999999665e+00 -6.000000000000000125e-03
5.188080000000000247e+00 -6.000000000000000125e-03
5.110190000000000232e+00 -6.000000000000000125e-03
5.019669999999999632e+00 -6.000000000000000125e-03
4.938069999999999737e+00 -6.000000000000000125e-03
4.919640000000000235e+00 -6.000000000000000125e-03
4.923099999999999810e+00 -6.000000000000000125e-03
4.902020000000000266e+00 -6.000000000000000125e-03
4.851460000000000328e+00 -6.000000000000000125e-03
4.805579999999999963e+00 -6.000000000000000125e-03
4.796059999999999768e+00 -6.000000000000000125e-03
4.823299999999999699e+00 -6.000000000000000125e-03
4.863830000000000098e+00 -6.000000000000000125e-03
4.896499999999999631e+00 -6.000000000000000125e-03
4.912919999999999732e+00 -6.000000000000000125e-03
4.903080000000000105e+00 -6.000000000000000125e-03
4.844969999999999999e+00 -6.000000000000000125e-03
4.760309999999999597e+00 -6.000000000000000125e-03
4.762990000000000279e+00 -6.000000000000000125e-03
4.827399999999999913e+00 -6.000000000000000125e-03
4.905420000000000336e+00 -6.000000000000000125e-03
4.950700000000000323e+00 -6.000000000000000125e-03
4.940590000000000259e+00 -6.000000000000000125e-03
4.876750000000000362e+00 -6.000000000000000125e-03
4.770970000000000155e+00 -6.000000000000000125e-03
4.693399999999999572e+00 -6.000000000000000125e-03
4.639020000000000366e+00 -6.000000000000000125e-03
4.589900000000000091e+00 -6.000000000000000125e-03
4.524860000000000326e+00 -6.000000000000000125e-03
4.425360000000000404e+00 -6.000000000000000125e-03
4.373129999999999740e+00 -6.000000000000000125e-03
4.376940000000000275e+00 -6.000000000000000125e-03
4.427100000000000257e+00 -6.000000000000000125e-03
4.498059999999999725e+00 -6.000000000000000125e-03
4.562039999999999651e+00 -6.000000000000000125e-03
4.607940000000000147e+00 -6.000000000000000125e-03
4.645039999999999836e+00 -6.000000000000000125e-03
4.687059999999999782e+00 -6.000000000000000125e-03
4.745370000000000310e+00 -6.000000000000000125e-03
4.839599999999999902e+00 -6.000000000000000125e-03
4.993710000000000093e+00 -6.000000000000000125e-03
5.193260000000000431e+00 -6.000000000000000125e-03
5.343359999999999665e+00 -6.000000000000000125e-03
5.301580000000000403e+00 -6.000000000000000125e-03
5.385399999999999743e+00 -6.000000000000000125e-03
5.707790000000000141e+00 -6.000000000000000125e-03
6.119869999999999699e+00 -6.000000000000000125e-03
6.476759999999999629e+00 -6.000000000000000125e-03
6.715770000000000017e+00 -6.000000000000000125e-03
6.842229999999999812e+00 -6.000000000000000125e-03
6.873879999999999768e+00 -6.000000000000000125e-03
6.816600000000000215e+00 -6.000000000000000125e-03
6.672640000000000349e+00 -6.000000000000000125e-03
6.585460000000000313e+00 -6.000000000000000125e-03
6.543680000000000163e+00 -6.000000000000000125e-03
6.512809999999999988e+00 -6.000000000000000125e-03
6.459679999999999644e+00 -6.000000000000000125e-03
6.363349999999999618e+00 -6.000000000000000125e-03
6.222690000000000055e+00 -6.000000000000000125e-03
6.115039999999999587e+00 -6.000000000000000125e-03
6.035800000000000054e+00 -6.000000000000000125e-03
5.984729999999999883e+00 -6.000000000000000125e-03
5.956819999999999560e+00 -6.000000000000000125e-03
5.931540000000000035e+00 -6.000000000000000125e-03
5.884820000000000384e+00 -6.000000000000000125e-03
5.806759999999999700e+00 -6.000000000000000125e-03
5.695979999999999599e+00 -6.000000000000000125e-03
5.591300000000000381e+00 -6.000000000000000125e-03
5.541369999999999685e+00 -6.000000000000000125e-03
5.535510000000000375e+00 -6.000000000000000125e-03
5.537709999999999688e+00 -6.000000000000000125e-03
5.513419999999999987e+00 -6.000000000000000125e-03
5.457740000000000258e+00 -6.000000000000000125e-03
5.389809999999999768e+00 -6.000000000000000125e-03
5.324460000000000193e+00 -6.000000000000000125e-03
5.259520000000000195e+00 -6.000000000000000125e-03
5.186079999999999579e+00 -6.000000000000000125e-03
5.100859999999999950e+00 -6.000000000000000125e-03
5.005499999999999616e+00 -6.000000000000000125e-03
4.904819999999999958e+00 -6.000000000000000125e-03
4.806379999999999875e+00 -6.000000000000000125e-03
4.713149999999999729e+00 -6.000000000000000125e-03
4.611040000000000028e+00 -6.000000000000000125e-03
4.541579999999999728e+00 -6.000000000000000125e-03
4.518559999999999910e+00 -6.000000000000000125e-03
4.508040000000000269e+00 -6.000000000000000125e-03
4.463820000000000121e+00 -6.000000000000000125e-03
4.378650000000000375e+00 -6.000000000000000125e-03
4.293440000000000367e+00 -6.000000000000000125e-03
4.250020000000000131e+00 -6.000000000000000125e-03
4.245040000000000369e+00 -6.000000000000000125e-03
4.245650000000000368e+00 -6.000000000000000125e-03
4.233319999999999972e+00 -6.000000000000000125e-03
4.222150000000000070e+00 -6.000000000000000125e-03
4.228830000000000311e+00 -6.000000000000000125e-03
4.242219999999999658e+00 -6.000000000000000125e-03
4.233939999999999593e+00 -6.000000000000000125e-03
4.179859999999999687e+00 -6.000000000000000125e-03
4.102649999999999686e+00 -6.000000000000000125e-03
4.088129999999999598e+00 -6.000000000000000125e-03
4.127769999999999939e+00 -6.000000000000000125e-03
4.194020000000000081e+00 -6.000000000000000125e-03
4.246760000000000090e+00 -6.000000000000000125e-03
4.256920000000000037e+00 -6.000000000000000125e-03
4.218449999999999811e+00 -6.000000000000000125e-03
4.136379999999999946e+00 -6.000000000000000125e-03
4.070000000000000284e+00 -6.000000000000000125e-03
4.029620000000000424e+00 -6.000000000000000125e-03
3.983649999999999913e+00 -6.000000000000000125e-03
3.900300000000000100e+00 -6.000000000000000125e-03
3.853340000000000209e+00 -6.000000000000000125e-03
3.840349999999999930e+00 -6.000000000000000125e-03
3.848660000000000192e+00 -6.000000000000000125e-03
3.880710000000000104e+00 -6.000000000000000125e-03
3.933019999999999960e+00 -6.000000000000000125e-03
3.980150000000000077e+00 -6.000000000000000125e-03
3.993329999999999824e+00 -6.000000000000000125e-03
3.971690000000000165e+00 -6.000000000000000125e-03
3.946110000000000007e+00 -6.000000000000000125e-03
3.946000000000000174e+00 -6.000000000000000125e-03
3.981380000000000141e+00 -6.000000000000000125e-03
4.056390000000000384e+00 -6.000000000000000125e-03
4.181060000000000443e+00 -6.000000000000000125e-03
4.342459999999999987e+00 -6.000000000000000125e-03
4.468700000000000117e+00 -6.000000000000000125e-03
4.445509999999999629e+00 -6.000000000000000125e-03
4.497110000000000163e+00 -6.000000000000000125e-03
4.756529999999999703e+00 -6.000000000000000125e-03
5.111589999999999634e+00 -6.000000000000000125e-03
5.440129999999999910e+00 -6.000000000000000125e-03
5.675029999999999575e+00 -6.000000000000000125e-03
5.803300000000000125e+00 -6.000000000000000125e-03
5.832370000000000054e+00 -6.000000000000000125e-03
5.768909999999999982e+00 -6.000000000000000125e-03
5.654029999999999667e+00 -6.000000000000000125e-03
5.600270000000000081e+00 -6.000000000000000125e-03
5.573000000000000398e+00 -6.000000000000000125e-03
5.540510000000000268e+00 -6.000000000000000125e-03
5.481189999999999785e+00 -6.000000000000000125e-03
5.387789999999999857e+00 -6.000000000000000125e-03
5.267570000000000086e+00 -6.000000000000000125e-03
5.164959999999999773e+00 -6.000000000000000125e-03
5.073019999999999641e+00 -6.000000000000000125e-03
4.995190000000000019e+00 -6.000000000000000125e-03
4.932520000000000238e+00 -6.000000000000000125e-03
4.876330000000000275e+00 -6.000000000000000125e-03
4.810780000000000278e+00 -6.000000000000000125e-03
4.727409999999999890e+00 -6.000000000000000125e-03
4.628840000000000288e+00 -6.000000000000000125e-03
4.534089999999999954e+00 -6.000000000000000125e-03
4.463440000000000296e+00 -6.000000000000000125e-03
4.419780000000000264e+00 -6.000000000000000125e-03
4.392179999999999751e+00 -6.000000000000000125e-03
4.362989999999999924e+00 -6.000000000000000125e-03
4.324760000000000382e+00 -6.000000000000000125e-03
4.279099999999999682e+00 -6.000000000000000125e-03
4.227280000000000371e+00 -6.000000000000000125e-03
4.165390000000000370e+00 -6.000000000000000125e-03
4.095570000000000377e+00 -6.000000000000000125e-03
4.032239999999999824e+00 -6.000000000000000125e-03
3.986320000000000086e+00 -6.000000000000000125e-03
3.950880000000000170e+00 -6.000000000000000125e-03
3.905310000000000059e+00 -6.000000000000000125e-03
3.841200000000000170e+00 -6.000000000000000125e-03
3.766169999999999796e+00 -6.000000000000000125e-03
3.687180000000000124e+00 -6.000000000000000125e-03
3.612830000000000208e+00 -6.000000000000000125e-03
3.564319999999999933e+00 -6.000000000000000125e-03
3.531200000000000117e+00 -6.000000000000000125e-03
3.490990000000000038e+00 -6.000000000000000125e-03
3.439579999999999860e+00 -6.000000000000000125e-03
3.400399999999999867e+00 -6.000000000000000125e-03
3.395910000000000206e+00 -6.000000000000000125e-03
3.414109999999999978e+00 -6.000000000000000125e-03
3.417359999999999953e+00 -6.000000000000000125e-03
3.386140000000000150e+00 -6.000000000000000125e-03
3.339599999999999902e+00 -6.000000000000000125e-03
3.310099999999999820e+00 -6.000000000000000125e-03
3.302680000000000060e+00 -6.000000000000000125e-03
3.290999999999999925e+00 -6.000000000000000125e-03
3.245109999999999939e+00 -6.000000000000000125e-03
3.184860000000000024e+00 -6.000000000000000125e-03
3.151969999999999938e+00 -6.000000000000000125e-03
3.132709999999999884e+00 -6.000000000000000125e-03
3.124940000000000051e+00 -6.000000000000000125e-03
3.126290000000000013e+00 -6.000000000000000125e-03
3.123639999999999972e+00 -6.000000000000000125e-03
3.097080000000000055e+00 -6.000000000000000125e-03
3.037170000000000147e+00 -6.000000000000000125e-03
2.983960000000000168e+00 -6.000000000000000125e-03
2.936990000000000212e+00 -6.000000000000000125e-03
2.880040000000000155e+00 -6.000000000000000125e-03
2.823469999999999924e+00 -6.000000000000000125e-03
2.787679999999999936e+00 -6.000000000000000125e-03
2.774659999999999904e+00 -6.000000000000000125e-03
2.784330000000000194e+00 -6.000000000000000125e-03
2.806340000000000057e+00 -6.000000000000000125e-03
2.823799999999999866e+00 -6.000000000000000125e-03
2.826960000000000139e+00 -6.000000000000000125e-03
2.818509999999999849e+00 -6.000000000000000125e-03
2.808279999999999887e+00 -6.000000000000000125e-03
2.803269999999999929e+00 -6.000000000000000125e-03
2.807300000000000129e+00 -6.000000000000000125e-03
2.826330000000000009e+00 -6.000000000000000125e-03
2.867750000000000021e+00 -6.000000000000000125e-03
2.936389999999999834e+00 -6.000000000000000125e-03
3.031260000000000066e+00 -6.000000000000000125e-03
3.146069999999999922e+00 -6.000000000000000125e-03
3.260260000000000158e+00 -6.000000000000000125e-03
3.325009999999999799e+00 -6.000000000000000125e-03
3.268979999999999997e+00 -6.000000000000000125e-03
3.350880000000000081e+00 -6.000000000000000125e-03
3.592150000000000176e+00 -6.000000000000000125e-03
3.906890000000000196e+00 -6.000000000000000125e-03
4.191069999999999851e+00 -6.000000000000000125e-03
4.384059999999999846e+00 -6.000000000000000125e-03
4.481410000000000338e+00 -6.000000000000000125e-03
4.504609999999999559e+00 -6.000000000000000125e-03
4.469009999999999927e+00 -6.000000000000000125e-03
4.380679999999999907e+00 -6.000000000000000125e-03
4.313920000000000421e+00 -6.000000000000000125e-03
4.269700000000000273e+00 -6.000000000000000125e-03
4.221420000000000172e+00 -6.000000000000000125e-03
4.153789999999999871e+00 -4.000000000000000083e-03
4.067230000000000345e+00 -4.000000000000000083e-03
3.979979999999999851e+00 -4.000000000000000083e-03
3.898190000000000044e+00 -4.000000000000000083e-03
3.822229999999999794e+00 -4.000000000000000083e-03
3.755430000000000046e+00 -4.000000000000000083e-03
3.694659999999999833e+00 -4.000000000000000083e-03
3.630770000000000053e+00 -4.000000000000000083e-03
3.559299999999999908e+00 -4.000000000000000083e-03
3.484919999999999796e+00 -4.000000000000000083e-03
3.412259999999999849e+00 -4.000000000000000083e-03
3.337819999999999787e+00 -4.000000000000000083e-03
3.286929999999999907e+00 -4.000000000000000083e-03
3.260790000000000077e+00 -4.000000000000000083e-03
3.243059999999999832e+00 -4.000000000000000083e-03
3.217379999999999907e+00 -4.000000000000000083e-03
3.182150000000000034e+00 -4.000000000000000083e-03
3.147330000000000183e+00 -4.000000000000000083e-03
3.120220000000000216e+00 -4.000000000000000083e-03
3.101739999999999942e+00 -4.000000000000000083e-03
3.091610000000000191e+00 -4.000000000000000083e-03
3.086259999999999781e+00 -4.000000000000000083e-03
3.073500000000000121e+00 -4.000000000000000083e-03
3.042069999999999830e+00 -4.000000000000000083e-03
2.999919999999999920e+00 -4.000000000000000083e-03
2.970079999999999831e+00 -4.000000000000000083e-03
2.958489999999999842e+00 -4.000000000000000083e-03
2.937040000000000095e+00 -4.000000000000000083e-03
2.872580000000000133e+00 -4.000000000000000083e-03
2.856050000000000200e+00 -4.000000000000000083e-03
2.849829999999999863e+00 -4.000000000000000083e-03
2.825849999999999973e+00 -4.000000000000000083e-03
2.794890000000000096e+00 -4.000000000000000083e-03
2.785070000000000157e+00 -4.000000000000000083e-03
2.797979999999999912e+00 -4.000000000000000083e-03
2.807529999999999859e+00 -4.000000000000000083e-03
2.796019999999999950e+00 -4.000000000000000083e-03
2.773219999999999796e+00 -4.000000000000000083e-03
2.755370000000000097e+00 -4.000000000000000083e-03
2.737579999999999902e+00 -4.000000000000000083e-03
2.701449999999999907e+00 -4.000000000000000083e-03
2.641509999999999803e+00 -4.000000000000000083e-03
2.593989999999999796e+00 -4.000000000000000083e-03
2.544239999999999835e+00 -4.000000000000000083e-03
2.489300000000000068e+00 -4.000000000000000083e-03
2.433940000000000214e+00 -4.000000000000000083e-03
2.380380000000000162e+00 -4.000000000000000083e-03
2.328149999999999942e+00 -4.000000000000000083e-03
2.282859999999999889e+00 -4.000000000000000083e-03
2.244829999999999881e+00 -4.000000000000000083e-03
2.202929999999999833e+00 -4.000000000000000083e-03
2.159930000000000128e+00 -4.000000000000000083e-03
2.129420000000000091e+00 -4.000000000000000083e-03
2.094640000000000057e+00 -4.000000000000000083e-03
2.055790000000000006e+00 -4.000000000000000083e-03
2.041129999999999889e+00 -4.000000000000000083e-03
2.042359999999999953e+00 -4.000000000000000083e-03
2.048519999999999897e+00 -4.000000000000000083e-03
2.050100000000000033e+00 -4.000000000000000083e-03
2.041580000000000172e+00 -4.000000000000000083e-03
2.025819999999999954e+00 -4.000000000000000083e-03
2.012849999999999806e+00 -4.000000000000000083e-03
2.012270000000000003e+00 -4.000000000000000083e-03
2.021570000000000089e+00 -4.000000000000000083e-03
2.030190000000000161e+00 -4.000000000000000083e-03
2.032630000000000159e+00 -4.000000000000000083e-03
2.031509999999999927e+00 -4.000000000000000083e-03
2.033970000000000056e+00 -4.000000000000000083e-03
2.044239999999999835e+00 -4.000000000000000083e-03
2.067439999999999944e+00 -4.000000000000000083e-03
2.114399999999999835e+00 -4.000000000000000083e-03
2.197350000000000136e+00 -4.000000000000000083e-03
2.313320000000000043e+00 -4.000000000000000083e-03
2.429720000000000102e+00 -4.000000000000000083e-03
2.489630000000000010e+00 -4.000000000000000083e-03
2.434800000000000075e+00 -4.000000000000000083e-03
2.519350000000000200e+00 -4.000000000000000083e-03
2.715910000000000046e+00 -4.000000000000000083e-03
2.953390000000000182e+00 -4.000000000000000083e-03
3.160210000000000186e+00 -4.000000000000000083e-03
3.300959999999999894e+00 -4.000000000000000083e-03
3.381609999999999783e+00 -4.000000000000000083e-03
3.423090000000000188e+00 -4.000000000000000083e-03
3.433069999999999844e+00 -4.000000000000000083e-03
3.407039999999999846e+00 -4.000000000000000083e-03
3.343049999999999855e+00 -4.000000000000000083e-03
3.282579999999999831e+00 -4.000000000000000083e-03
3.232009999999999827e+00 -4.000000000000000083e-03
3.179570000000000007e+00 -4.000000000000000083e-03
3.126279999999999948e+00 -4.000000000000000083e-03
3.080719999999999903e+00 -4.000000000000000083e-03
3.047120000000000051e+00 -4.000000000000000083e-03
3.021240000000000148e+00 -4.000000000000000083e-03
2.991010000000000169e+00 -4.000000000000000083e-03
2.945429999999999993e+00 -4.000000000000000083e-03
2.883469999999999978e+00 -4.000000000000000083e-03
2.824289999999999967e+00 -4.000000000000000083e-03
2.765899999999999803e+00 -4.000000000000000083e-03
2.705839999999999801e+00 -4.000000000000000083e-03
2.647660000000000124e+00 -4.000000000000000083e-03
2.594739999999999824e+00 -4.000000000000000083e-03
2.543509999999999938e+00 -4.000000000000000083e-03
2.488550000000000040e+00 -4.000000000000000083e-03
2.451740000000000030e+00 -4.000000000000000083e-03
2.430289999999999839e+00 -4.000000000000000083e-03
2.412240000000000162e+00 -4.000000000000000083e-03
2.388689999999999980e+00 -4.000000000000000083e-03
2.363589999999999858e+00 -4.000000000000000083e-03
2.353079999999999838e+00 -4.000000000000000083e-03
2.368230000000000057e+00 -4.000000000000000083e-03
2.400539999999999896e+00 -4.000000000000000083e-03
2.427610000000000046e+00 -4.000000000000000083e-03
2.436160000000000103e+00 -4.000000000000000083e-03
2.429520000000000124e+00 -4.000000000000000083e-03
2.414019999999999833e+00 -4.000000000000000083e-03
2.384419999999999984e+00 -4.000000000000000083e-03
2.333899999999999864e+00 -4.000000000000000083e-03
2.311479999999999979e+00 -4.000000000000000083e-03
2.297989999999999977e+00 -4.000000000000000083e-03
2.278910000000000213e+00 -4.000000000000000083e-03
2.260170000000000012e+00 -4.000000000000000083e-03
2.259920000000000151e+00 -4.000000000000000083e-03
2.282049999999999912e+00 -4.000000000000000083e-03
2.308190000000000186e+00 -4.000000000000000083e-03
2.316819999999999879e+00 -4.000000000000000083e-03
2.300730000000000164e+00 -4.000000000000000083e-03
2.267119999999999802e+00 -4.000000000000000083e-03
2.222189999999999888e+00 -4.000000000000000083e-03
2.180890000000000217e+00 -4.000000000000000083e-03
2.158990000000000187e+00 -4.000000000000000083e-03
2.153560000000000141e+00 -4.000000000000000083e-03
2.153230000000000199e+00 -4.000000000000000083e-03
2.141929999999999890e+00 -4.000000000000000083e-03
2.106930000000000192e+00 -4.000000000000000083e-03
2.076130000000000031e+00 -4.000000000000000083e-03
2.070969999999999978e+00 -4.000000000000000083e-03
2.080859999999999932e+00 -4.000000000000000083e-03
2.095050000000000079e+00 -4.000000000000000083e-03
2.105430000000000135e+00 -4.000000000000000083e-03
2.104140000000000121e+00 -4.000000000000000083e-03
2.084369999999999834e+00 -4.000000000000000083e-03
2.045049999999999812e+00 -4.000000000000000083e-03
2.007229999999999848e+00 -4.000000000000000083e-03
1.982250000000000068e+00 -4.000000000000000083e-03
1.971279999999999921e+00 -4.000000000000000083e-03
1.974550000000000027e+00 -4.000000000000000083e-03
1.985719999999999930e+00 -4.000000000000000083e-03
1.992680000000000007e+00 -4.000000000000000083e-03
1.989430000000000032e+00 -4.000000000000000083e-03
1.978350000000000053e+00 -4.000000000000000083e-03
1.965430000000000010e+00 -4.000000000000000083e-03
1.952909999999999924e+00 -4.000000000000000083e-03
1.941070000000000073e+00 -4.000000000000000083e-03
1.932080000000000020e+00 -4.000000000000000083e-03
1.926220000000000043e+00 -4.000000000000000083e-03
1.918039999999999967e+00 -4.000000000000000083e-03
1.900030000000000108e+00 -4.000000000000000083e-03
1.872449999999999948e+00 -4.000000000000000083e-03
1.846479999999999899e+00 -4.000000000000000083e-03
1.833110000000000017e+00 -4.000000000000000083e-03
1.835970000000000102e+00 -4.000000000000000083e-03
1.855229999999999935e+00 -4.000000000000000083e-03
1.894530000000000047e+00 -4.000000000000000083e-03
1.960909999999999931e+00 -4.000000000000000083e-03
2.051779999999999937e+00 -4.000000000000000083e-03
2.149070000000000036e+00 -4.000000000000000083e-03
2.216260000000000119e+00 -4.000000000000000083e-03
2.209529999999999994e+00 -4.000000000000000083e-03
2.225789999999999935e+00 -4.000000000000000083e-03
2.356040000000000134e+00 -4.000000000000000083e-03
2.559660000000000046e+00 -4.000000000000000083e-03
2.771319999999999784e+00 -4.000000000000000083e-03
2.937699999999999978e+00 -4.000000000000000083e-03
3.044560000000000155e+00 -4.000000000000000083e-03
3.105960000000000054e+00 -4.000000000000000083e-03
3.135149999999999881e+00 -4.000000000000000083e-03
3.132140000000000146e+00 -4.000000000000000083e-03
3.093869999999999898e+00 -4.000000000000000083e-03
3.025889999999999969e+00 -4.000000000000000083e-03
2.973990000000000133e+00 -4.000000000000000083e-03
2.930899999999999839e+00 -4.000000000000000083e-03
2.893100000000000005e+00 -4.000000000000000083e-03
2.859780000000000211e+00 -4.000000000000000083e-03
2.828129999999999811e+00 -4.000000000000000083e-03
2.796780000000000044e+00 -4.000000000000000083e-03
2.765060000000000073e+00 -4.000000000000000083e-03
2.730550000000000033e+00 -4.000000000000000083e-03
2.687829999999999941e+00 -4.000000000000000083e-03
2.631110000000000060e+00 -4.000000000000000083e-03
2.583040000000000003e+00 -4.000000000000000083e-03
2.544579999999999842e+00 -4.000000000000000083e-03
2.508410000000000029e+00 -4.000000000000000083e-03
2.470130000000000159e+00 -4.000000000000000083e-03
2.428650000000000198e+00 -4.000000000000000083e-03
2.383630000000000138e+00 -4.000000000000000083e-03
2.334140000000000104e+00 -4.000000000000000083e-03
2.284339999999999815e+00 -4.000000000000000083e-03
2.245179999999999954e+00 -4.000000000000000083e-03
2.218319999999999848e+00 -4.000000000000000083e-03
2.206630000000000091e+00 -4.000000000000000083e-03
2.212040000000000006e+00 -4.000000000000000083e-03
2.231390000000000207e+00 -4.000000000000000083e-03
2.254789999999999850e+00 -4.000000000000000083e-03
2.268159999999999954e+00 -4.000000000000000083e-03
2.263310000000000155e+00 -4.000000000000000083e-03
2.244559999999999889e+00 -4.000000000000000083e-03
2.221680000000000099e+00 -4.000000000000000083e-03
2.193929999999999936e+00 -4.000000000000000083e-03
2.149249999999999883e+00 -4.000000000000000083e-03
2.121459999999999901e+00 -4.000000000000000083e-03
2.110259999999999803e+00 -4.000000000000000083e-03
2.098889999999999922e+00 -4.000000000000000083e-03
2.082679999999999865e+00 -4.000000000000000083e-03
2.073920000000000208e+00 -4.000000000000000083e-03
2.081259999999999888e+00 -4.000000000000000083e-03
