0.0180678
0.029716
0.0382456
0.0355545
0.021677
0.0142611
-0.0173395
-0.0718143
-0.0413255
0.00907079
-0.0187218
-0.151929
-0.37406
-0.235255
0.01424
-0.138187
-0.177054
0.334668
0.916785
1.04348
1.10179
0.946515
0.619345
0.482752
-0.438789
-1.64786
-1.74036
-1.18633
0.136334
1.30171
0.810565
-0.568091
-1.76353
-2.30369
-2.26148
-2.09302
-0.890282
1.90578
4.51693
5.27933
4.41634
3.15187
3.15517
3.00266
1.29256
-0.591004
-1.31697
-0.0389226
2.04589
2.97395
1.80917
-1.74359
-5.46447
-8.65156
-8.95385
-6.56093
-1.71532
3.28858
6.03764
5.7979
3.98706
1.45455
-1.09196
-2.56815
-3.43256
-3.5359
-3.04649
-2.7351
-99.5875
-681.399
-1726.47
-2973.82
-4168.19
-5163.3
-5865.21
-6022.24
-4920.14
-1813.5
3030.18
8171.22
11676.2
12181.4
9474.88
4416.99
-1537.42
-6921.2
-10683
-12273.1
-11267.9
-7343.01
-954.562
6306.97
12225.6
14890.8
13524.4
8689.55
1895.14
-5020.96
-10489.9
-13531.1
-13579.3
-10282.9
-3921.04
4049.41
11271.7
15494.9
15464.3
11355.4
4538.13
-3046.77
-9582.18
-13809.8
-14968.1
-12553.4
-6589
1726.43
10063.8
15805
17162.7
13873.6
7090.68
-1192.4
-8870.92
-14366
-16734.3
-15223.7
-9488.6
-451.31
9531.83
17309.9
20319.1
17679.4
10301.2
343.991
-9621.79
-17505.5
-21858.7
-21314.4
-14779
-2876.04
11402.5
23478.7
29168.9
26627.4
16734.3
2436.71
-12515.4
-24865.9
-32237.7
-32432.8
-23665.2
-6619.73
14413.8
32649
41871.6
39188.8
25686.7
5541.71
-15832.2
-33679.3
-44469.2
-45177.9
-33603.3
-10807.8
17379.2
41964.7
54783
51963.7
34860.5
8885.36
-18905.2
-42183
-56269.3
-57418.1
-43111.9
-14847.8
20037.1
50521.3
66698.4
63787.1
43390.7
12077.5
-21583.1
-49819.7
-66842.8
-68279.9
-51403.9
-18214.8
22502.7
57957.3
76805.9
73626.9
50340
14539.8
-23917.9
-56083.9
-75342.1
-76861.3
-57850.4
-20783.2
24461.6
63737.3
84636.9
81264.4
55784.9
16562.9
-25535
-60671.2
-81648
-83381.1
-63059.5
-23420.1
25026
67264
90037.6
86980.5
60298.9
18829
-25870.4
-63271.3
-85728.6
-87960.2
-67065.8
-25883.9
24740.7
69203.1
93587.8
91104.7
63876.9
21001.4
-25455.5
-64458
-88071.7
-90934.5
-70131.9
-28507.4
23130.2
68985.5
94709.5
93189.8
66389.2
23394
-23507.1
-62973.1
-86969.9
-90360.1
-70495.2
-30258
19844.9
64748.8
90665.7
90479.4
65805.6
25203.3
-19641.5
-57816.2
-81551.8
-85970.8
-68594.4
-31732.5
15416.5
58875.7
85209.7
86990.1
65051
26995.6
-16181.2
-53817.5
-78178.1
-84472.7
-69727.1
-35001.7
11448.1
55932.9
84669.8
89201.1
69273.3
31943.6
-11818.2
-51082.1
-77725.4
-86660.9
-74669.4
-42146.6
3630.09
49540.5
81533.8
90186.2
74052.7
39267.5
-3590.01
-43465.4
-71915.6
-83800.2
-76042.2
-48297
-6006.41
39345.2
74047.1
87650.9
76982.3
46549.1
5932.65
-33956.6
-64213.7
-79353.7
-76494.5
-54792.4
-17696.1
25484.8
62183.7
81384.8
77987.1
54269
18133
-20226.5
-51692.6
-70337.2
-73293.4
-59445.7
-30184
8331.65
45612.6
70561.5
75954.1
61111.6
31434
-4190.92
-36615.2
-59062.8
-68082.2
-62485.6
-42308.2
-10421.9
25701.8
55782.8
70830.5
66780.6
45683.1
14326.5
-18542.5
-45150.7
-60718.5
-63489.9
-53014.9
-29734.1
2529.8
35703.2
60195.4
68697.1
59068.3
34840.9
3409.98
-26895.3
-49502.8
-60972
-60186.2
-46680.5
-21311.5
11308.2
42758.6
63681.7
67694.2
54035.3
27378.4
-4447.55
-33367.2
-53451.4
-61863
-57891.6
-41389.2
-13863.3
19030.5
48315.6
65256.5
64894.4
47881.1
19791.5
-11339.3
-37937.3
-55004.3
-60500.1
-53897
-35195.8
-6559.34
25809.8
52826.5
66217.6
62089.9
42174.2
12666.1
-18313.3
-43581.5
-58854.2
-62542.1
-53760.7
-31962.3
215.164
35324.3
63105
74615.7
66279.5
41023
6389.3
-28487.1
-55914.7
-71464.6
-73191.6
-59372.4
-29561.9
11316.4
52550.4
81445.1
88685
72335.9
37906.4
-4540.83
-44182.4
-72807.4
-86148.1
-82088
-59085.4
-19070.7
29298.4
72340.7
96592
94700
68062.1
25255
-21663.8
-61444.9
-86780.1
-94155.6
-81411.9
-48054
690.461
52520.1
91827.7
106317
92132
54511.7
4914.57
-43516
-80273.5
-99370
-97730.5
-73447
-28519.1
27350.2
78299.5
108510
109007
80692.8
32964.6
-20492.6
-66700.5
-96817.9
-106186
-92126.5
-54427.1
430.457
58052.7
101013
116191
99838.4
58121.7
3826.24
-48735.3
-88234.6
-107997
-104394
-75653.6
-25146.8
35208.1
87768.3
116359
112875
79721.4
27813.1
-28187.1
-74995
-103844
-110159
-91496.2
-48755.7
9629.37
67663.4
107751
118010
96546.6
51171.6
-4445.24
-55996.1
-92756.7
-108874
-101499
-69721.4
-17945.8
41433.8
91175.9
116060
109269
74233.7
22249.3
-32180
-76301.5
-102234
-106529
-87543.3
-46190.1
9795.38
65738.1
105034
115852
95828.3
52178.1
-2022.02
-52790.3
-89427.7
-106261
-101131
-73179.8
-25043.5
32947.3
84542.6
114186
113211
82911.5
33201.8
-21750.4
-68665.4
-98824.2
-108488
-96215.9
-61596.7
-9064.53
49289.6
96856.6
119134
109793
72803.9
19888.2
-34386.4
-77540
-102205
-105898
-88317.9
-50367.1
2417.23
57637.9
99521.3
115448
101233
62218.1
10334.3
-40543.9
-79075.4
-99150.4
-99543.3
-80763.8
-43740.5
6437.52
58075.5
96501.5
110212
95539.3
57729.5
8272.92
-39582.2
-75237.7
-93289.4
-92951.4
-75136.2
-41028.8
4772.41
51924.2
87374.1
100665
88210.2
54476.1
9746.18
-33944.9
-66884.4
-84061.4
-84811.7
-70086.9
-40720.5
-11.5993
43603.3
78385.3
93878.5
85445
56135.3
14946
-26941.8
-59993.6
-78789.9
-82043.2
-70477.2
-44742.9
-6956.48
35809
72191.9
91140.4
86867.9
61073.2
21740.4
-20260.5
-54950.6
-76160
-82178.7
-73637.7
-50783.8
-14786.2
28178.1
67156
90547.3
91010.8
68624.6
30464.8
-12653.4
-50200.4
-75045
-84454.7
-78576.4
-57783.3
-22851.8
20918.1
62681.7
90171.9
94894.8
75636.4
38609.7
-5461.87
-45499.1
-73528.7
-86072.6
-82871.9
-64170
-30313.8
14401.9
59442.7
91535.5
100668
84112.9
47162
585.317
-43687.9
-76572.6
-93649
-93788.6
-76113.2
-39911.8
10699.5
63899.5
103733
117302
100438
58688.9
4431.91
-48167.3
-87972.9
-109178
-109865
-88803.8
-45761.4
13189.8
73393.8
116799
129860
109005
61397.3
1240.13
-55912.1
-98081.6
-118951
-116337
-89163.4
-38684.1
25944.9
87510.7
127485
133632
104803
50593
-13286.2
-70949.5
-110869
-127208
-117461
-80402.2
-20079.4
49720.2
108954
139451
132277
90842.4
28360.3
-37904.2
-92439.3
-125138
-131067
-107631
-55861
14030.1
83008
130262
141533
114659
59218.2
-8355.87
-70813.2
-114957
-133238
-121536
-78802.9
-12355.8
60299.1
117447
141667
126711
78912.2
13254.2
-52602.1
-103705
-130465
-127511
-92532.8
-30712
42176.1
104488
137172
131269
90512.2
28329.9
-37930
-92585.2
-124875
-128454
-100116
-43252.6
28158.2
92990.9
131408
132544
97910.1
39374.5
-26228.5
-82980.9
-119539
-128889
-106827
-54903.9
15161.1
83161.2
127996
136410
107550
51659
-14762.8
-74917.9
-116428
-131919
-116601
-69801.4
-749.959
71581.2
125115
143455
122253
69635.7
1589.51
-64202.4
-113541
-137554
-130871
-90978
-23380.7
54852.5
120140
152259
142354
95208.9
25948.3
-46268.1
-104712
-138857
-143416
-115273
-56144.3
21580.2
96404.7
145768
155129
123296
61600.9
-11538.9
-77482.9
-122845
-141095
-129787
-88555.8
-22984.6
51835.3
114969
147605
140670
97935.3
33335.8
-34983.9
-90867.4
-124257
-131420
-111899
-66888.8
-2989.17
64883
117545
139327
124572
79194.5
17396.1
-43994.8
-91010
-115865
-116765
-94688.3
-51706.8
5674.75
64191.4
107510
122918
106591
64555.7
9620.76
-43514.1
-83022.6
-102792
-101951
-81604.3
-43272.2
7616.49
59327.7
97451
110706
95550.1
57318.1
7589.59
-40393.2
-76119.8
-94257.7
-93950.4
-75832.3
-40921.7
6086.6
54639.3
91141.7
104493
90952.2
55346.1
8455.72
-37247.7
-71626
-89360.2
-89570
-72925.9
-40211.7
4381.82
50818.4
86164.5
99789.4
87807.4
54470
9887.17
-34067.1
-67674.2
-85668.1
-86994.4
-72247.2
-41836.9
1032.93
47139.2
83682.6
99585.9
90015.2
58248.4
13896.9
-31195.8
-67029.6
-87919.6
-92207.7
-79698.5
-49838.4
-4695.09
46641
89685.3
110950
103687
70361.3
21083.9
-30756.2
-73381.5
-99685.1
-107087
-94673.3
-61355.1
-9560.97
49921.1
100246
125755
118568
81482.3
26048.9
-32502.3
-80627.7
-109929
-117393
-102452
-64714
-8031.6
55202.6
107305
132351
122808
82407.5
23704.6
-37292.7
-86504.8
-115418
-121207
-103281
-61632.2
-1545.24
63137.9
113987
135376
121165
76695
15632.4
-45524.5
-92931.2
-118811
-120561
-97330.9
-50282.6
12602.4
75441.6
119690
131953
109461
60185.2
-1076.4
-58367
-99604.5
-118528
-112817
-81770.1
-28748.7
34798.7
91139
123263
121933
88849
35002.9
-24186
-74309.3
-105672
-113676
-96580.8
-55473.4
1825.98
60238.5
102572
116350
98650
56326.5
2433.6
-48716.3
-85840.6
-102448
-95550.2
-65047.8
-16596.5
37189.1
80543
100710
92771.7
60764.3
15139.1
-31452.5
-68101.7
-87679.9
-86339
-63009.4
-21876.2
26179.9
66845.4
87912.1
83865.1
57326.6
17054.4
-25777
-61035.4
-81364.4
-81845.4
-60324.4
-20395.5
27019.9
67133.1
87448.3
82449.7
54856
13578.9
-30093.6
-66103.3
-86894.2
-86454
-61693.6
-16728.3
35959.2
79521.1
99852.2
91371.8
57908.6
9910.28
-39723.4
-79611.8
-101695
-99869
-70530.5
-18057.8
43091.9
93762.3
117913
108809
70643.9
15616.7
-41290.3
-87252.7
-113931
-116032
-89911.8
-37725
28466.2
89536.7
126652
128899
97117.7
42240.5
-19822.3
-73895.4
-109668
-122365
-110274
-73065.7
-15175.2
50501.8
105579
133522
126531
88172.7
30896.5
-29184.8
-77775.1
-106247
-112577
-99187.8
-68935.2
-24067.7
29407.8
79483
112282
118210
95914.5
52579.3
813.883
-45960.2
-77815.3
-90753.8
-86496.1
-70265.9
-47263.2
-19365.2
13327.5
47471.2
75615.8
89562.4
84390.8
61022.9
25971.2
-11323.9
-41962.2
-60351.9
-65254.2
-59071.3
-46499.9
-32770.5
-20909.7
-9067.51
7399.55
29455
52193.6
68057.4
70883.5
58723.3
34583.3
5018.96
-22515.1
-42325.8
-51842.3
-51442
-43712.5
-32678.9
-22790.8
-17304.8
-15710.2
-12220
-127.557
21466.8
46705.5
66561.1
73296.9
63848.8
40789.1
10741.8
-18464.3
-40537.1
-52100.5
-52762.7
-44704
-31950.9
-19284.1
-11018.8
-9614.09
-13835.7
-17215.5
-11131.5
7679.33
34249.8
58999.6
72681.4
70159.2
52053.1
23872.7
-6609.07
-32218.9
-48274.2
-53097.5
-47791.8
-35657.8
-21212.8
-9140.44
-3402.71
-6118.98
-15804.5
-25580.4
-25134.6
-8027.87
22765.5
56462.2
80586.7
86677.4
72825
43527.9
7368.29
-26410.1
-50767
-62122.1
-60349.5
-48295
-30914.7
-13975.9
-2619.44
-267.535
-7655.53
-21144.9
-31532.3
-27842
-5757.98
28683.8
63086
85160.6
87476.5
69654.7
37618.4
679.146
-31988.9
-53891.3
-62113.9
-57241.8
-42761.4
-24016.2
-6784.19
4039.77
5500.74
-2491.9
-16001.4
-26518.1
-24643.6
-7074.85
20985.1
49322.3
67745.1
70138.5
56211.5
30738.7
1196.37
-25053.4
-42763.5
-49521.9
-45697.1
-34027.6
-18790.7
-4684.1
4324.34
5878.08
-66.6113
-10360.1
-18380.7
-17114.1
-4357.92
15838.2
35949.8
48685.3
49844.6
39415.9
20960
-135.599
-18660.7
-30963.8
-35410.9
-32346.8
-23813.2
-12901.3
-2957.89
3165.04
3819.34
-820.789
-8098.14
-12930.7
-10473.6
154.788
15376.4
29523.4
37452.1
36515.4
27224.9
12592.9
-3262.67
-16566.1
-24834.2
-27113
-23924.4
-17001
-8765.19
-1729.91
2090.27
1698.17
-2413.76
-7746.62
-10150.5
-6436.93
3112.75
15161
25215.3
29670.5
27129
18571.3
6664.49
-5369.49
-14828.3
-20092
-20716.8
-17369.7
-11563.8
-5222.25
-211.292
2037.85
902.653
-3085.51
-7872.52
-10068.3
-6900.86
1558.52
12479.1
21912.8
26543.5
24910.1
17707
7220.46
-3659.75
-12422.1
-17509.4
-18424.1
-15667
-10521.8
-4707.57
82.2778
2577.78
2118
-1292.99
-6863.97
-12621.4
-15288
-11667.9
-1303.19
12756.5
25718.8
33274.6
33075.2
25421.7
12841.9
-1058.97
-12874.7
-20295
-22407.7
-19614.5
-13367.1
-5727.66
1195.08
5752.81
7082.27
5179.55
770.644
-4988.74
-10927.6
-16159.4
-19742.5
-19915.7
-14355.9
-2405.09
13336.1
28054.4
37105.6
37802.7
30182.7
16767.5
1459.49
-11880.9
-20542.7
-23395.3
-20788.8
-14237.1
-5928.76
1859.12
7308.7
9442.3
8243.68
4527.63
-392.526
-5120.04
-8573.17
-10245.1
-10263.7
-9273.23
-8187.09
-7841.88
-8309.48
-8122.09
-4876.83
2438.79
12227.5
21279.8
26485.8
26116.4
20320.7
10890.3
475.756
-8399.08
-14040
-15789.8
-13927
-9464.4
-3856.36
1391.26
5077.74
6561.55
5839.2
3466.24
336.751
-2601.6
-4613.79
-5335.78
-4795.35
-3348.45
-1527.45
119.884
1169.16
1403.96
833.405
-340.272
-1817.41
-3316.08
-4657.57
-5801.95
-6885.41
-8172.6
-9688.47
-10532.5
-8726.66
-2675.74
6918.69
17196.2
24824.4
27362.8
24056.2
16007.1
5616.05
-4385.6
-11812.7
-15477.9
-15225.4
-11762.4
-6411.34
-744.055
3823.51
6360.88
6579.27
4811.61
1853.56
-1318.13
-3835.35
-5144.48
-5098.51
-3923.32
-2093.81
-180.722
1311.32
2058.56
1981.58
1218.05
56.5506
-1148.41
-2082.92
-2551.19
-2517.67
-2079.6
-1421.26
-757.32
-280.318
-108.342
-272.033
-714.576
-1330.63
-2010.21
-2676.13
-3292.75
-3874
-4519.26
-5429.26
-6875.88
-9143.67
-12505.6
-17132.9
-22224
-24372.6
-18314.7
-1753.85
21860.1
45177.7
60526.1
62963.9
51959.8
31168.7
6665.39
-15355
-30379.8
-36295.1
-33327.6
-23630.1
-10558.5
2255.75
11784.7
16231.4
15328.7
10207.6
2903.24
-4304.19
-9531.15
-11731.9
-10822
-7532.25
-3090.97
1176.88
4204.52
5412.18
4782.31
2757.48
51.6333
-2542.97
-4363.59
-5055.08
-4616.61
-3340.66
-1686.69
-138.46
921.224
1293.52
988.753
197.851
-806.341
-1752.57
-2421.99
-2686.23
-2543.78
-2102.32
-1544.99
-1054.89
-778.079
-800.938
-1125.02
-1667.97
-2321.24
-3001.99
-3678.66
-4375.12
-5144.3
-6085.39
-7364.87
-9221.13
-11979.3
-16007.8
-21421.4
-27018.4
-28638.1
-20284.3
237.643
28148.8
54526.2
70757
71822.1
57778.9
33206.4
5182.11
-19309.1
-35398
-41001.3
-36642.7
-24957
-9861.33
4496.98
14777.4
19121.8
17423.3
11134.9
2670.46
-5373.24
-10950.9
-13014.5
-11597.8
-7621.54
-2504.97
2254.93
5484.05
6598.97
5641.38
3167.28
35.0295
-2856.68
-4794.68
-5429.17
-4802.77
-3266.81
-1349.22
405.556
1577.06
1956.83
1571.17
633.66
-542.58
-1618.95
-2339.83
-2585.76
-2385.64
-1874.39
-1250.46
-715.698
-412.796
-415.279
-731.261
-1308.75
-2045.99
-2821.87
-3541
-4180.41
-4808.56
-5567.75
-6651.76
-8314.94
-10897
-14717.1
-19771.1
-24812.1
-25949
-17667.8
2069.87
28756
53710.4
68588.6
68841.8
54795.7
30961.4
4086.02
-19242.4
-34458.6
-39641.7
-35337.5
-24085.3
-9625.63
4094.29
13887.2
18007.4
16383.7
10404.1
2347.96
-5328.31
-10662.5
-12643.7
-11302.6
-7516.86
-2641.32
1897.25
4983.12
6047.66
5132.01
2768.59
-218.294
-2967.47
-4809.22
-5404.3
-4791.59
-3307.52
-1454.93
244.276
1372.69
1724.34
1322.31
373.562
-797.38
-1868.16
-2587.23
-2842.74
-2658.18
-2159.6
-1537.97
-996.107
-695.424
-704.64
-1002.88
-1503.66
-2110.69
-2717.3
-3249.12
-3715.4
-4203.17
-4851.03
-5808.55
-7240.12
-9403.71
-12725.1
-17746.1
-24729.7
-32307.6
-35621.3
-27406.2
-4268.62
28944.6
61653.8
82997.8
86322.3
71165.5
42683.2
9243.25
-20661.7
-40912.3
-48726
-44476.9
-31121.6
-13255.4
4145.88
16962.7
22805.6
21373.8
14238
4220.79
-5560.49
-12576.3
-15451.5
-14110
-9571.95
-3504.72
2297.71
6387.39
7980.31
7051.92
4217.67
497.759
-3010.62
-5438.79
-6328.41
-5686.69
-3909.75
-1622.86
507.3
1963.11
2481.15
2070.26
977.899
-411.573
-1705.28
-2580.9
-2883.33
-2632.28
-1987.43
-1184.37
-463.613
-15.7865
60.1733
-230.46
-800.012
-1506.59
-2201.75
-2783.11
-3211.03
-3533.9
-3872.55
-4402.03
-5323.73
-6857.93
-9219.18
-12516.7
-16287
-18531.5
-15638.3
-5233.55
11017.8
28146
40553
44334.7
38559.6
25281.4
8509.11
-7350.01
-18871.2
-24267.4
-23384.1
-17460.1
-8693.71
383.419
7539.42
11339.6
11394.3
8315.37
3429.11
-1682.69
-5641.16
-7602.54
-7378.18
-5372.98
-2381.16
673.46
2989.62
4082
3859.48
2575.84
718.386
-1145.35
-2532.1
-3159.28
-2980.84
-2165.72
-1018.09
117.877
953.294
1322.35
1200.42
687.565
-30.7022
-744.374
-1282.12
-1540.73
-1502.45
-1227.45
-834.613
-456.672
-201.399
-127.591
-250.401
-539.111
-925.867
-1329.08
-1690.26
-1993.35
-2264.73
-2569.43
-3002.93
-3687.1
-4778.42
-6483.44
-8941.02
-11887.8
-13940.3
-12389.8
-5158.31
6853.85
20069.3
30156.3
33904.6
30315
20723
8064.86
-4275.98
-13560
-18261
-18116.9
-13962.8
-7416.37
-412.022
5294.17
8522.75
8879.76
6750.8
3103.48
-851.59
-4026.87
-5718.61
-5723.36
-4310.4
-2070.91
288.841
2143.34
3095.21
3034.94
2133.89
754.126
-677.104
-1787.67
-2342.98
-2283.26
-1716.61
-860.988
21.5421
697.176
1022.24
964.876
589.77
36.0552
-531.026
-968.864
-1192.51
-1193.53
-1019.83
-751.186
-482.059
-293.311
-232.1
-309.039
-503.758
-775.756
-1076.53
-1364.01
-1618.8
-1853.01
-2110.49
-2470.66
-3038.92
-3928.83
-5266.47
-7213.29
-9846.34
-12682.2
-13915.4
-10721.3
-1733.55
11200.9
24015.9
32491.2
33992.6
28277.9
17291.7
4257
-7508.09
-15583
-18832.8
-17357.2
-12269.4
-5336.79
1501.82
6609.71
9014.67
8564.22
5849.81
1953.91
-1901.76
-4712.9
-5921.15
-5470.83
-3742.91
-1384.34
905.228
2551.93
3232.75
2920.16
1840.14
382.294
-1019.79
-2015.05
-2410.5
-2198.6
-1529.27
-643.292
198.058
782.51
994.802
833.819
394.017
-179.039
-727.902
-1131.47
-1319.29
-1280.86
-1068.4
-771.501
-490.307
-310.076
-280.456
-416.338
-690.577
-1050.65
-1445.23
-1852.33
-2283.9
-2790.41
-3454.43
-4389.9
-5750.69
-7707.36
-10249.5
-12675.2
-12951.3
-8518.05
1234.96
13911.1
25448.5
32096.4
31834.7
24943
13654.6
1187.65
-9404.05
-16079.6
-18040.9
-15637.9
-10140.1
-3339.84
2933.27
7244.05
8852.84
7802.91
4807.6
974.164
-2550.93
-4895.21
-5637.77
-4840.25
-2953.28
-638.668
1438.86
2782.83
3160.18
2620.27
1438.31
15.4097
-1250.53
-2061.64
-2285.22
-1955.36
-1242.73
-388.466
362.692
829.046
927.643
681.851
195.601
-389.352
-925.89
-1303.53
-1465.07
-1423.24
-1246.64
-1031.96
-875.932
-857.593
-1026.83
-1411.43
-2012.81
-2827.87
-3897.94
-5332.65
-7301.95
-9887.86
-12635.8
-13857.3
-10854.7
-2191.58
10470.6
23167.3
31752.9
33577.5
28291.1
17696.6
4912.71
-6785.03
-14954.8
-18407.2
-17175.1
-12313.5
-5543.36
1224.29
6354.69
8856.2
8540.66
5960.17
2165.38
-1645.44
-4467.94
-5724.9
-5340.5
-3678.57
-1370.16
887.04
2521.22
3209.06
2916.46
1868.92
448.431
-925.334
-1907.85
-2307.05
-2107.57
-1449.12
-572.401
263.655
852.484
1080.42
938.071
510.431
-57.0668
-600.224
-987.291
-1151.71
-1096.35
-880.501
-598.898
-349.794
-211.138
-215.494
-349.791
-577.127
-846.158
-1114.14
-1355.17
-1569.24
-1781.72
-2051.07
-2466.27
-3132.43
-4172.89
-5715.72
-7882.41
-10654.6
-13387.9
-14073.4
-9880.63
218.806
13968.9
26979
34953.7
35425.2
28467.5
16363.2
2589.27
-9426.9
-17291.1
-19990.9
-17800.1
-12024.6
-4595.02
2454.95
7484.23
9587.01
8721.82
5608.88
1439.26
-2516.77
-5259.36
-6272.58
-5568.37
-3595.9
-1064.86
1282.25
2863.3
3385.81
2879.25
1633.31
81.6019
-1331.4
-2262.19
-2545.44
-2206.43
-1427.45
-477.038
372.303
912.748
1044.12
791.845
280.931
-316.948
-843.971
-1193.77
-1322.13
-1239.36
-1005.91
-718.487
-466.924
-327.437
-340.379
-499.377
-767.677
-1089.31
-1420.73
-1730.05
-2021.18
-2343.37
-2784.35
-3446.96
-4441.87
-5917.58
-8054.35
-10973.3
-14245.5
-16002.3
-12971.7
-3126.88
11809.6
27145.9
37783.7
40376.6
34341.1
21756.7
6355.02
-7881.35
-17940.9
-22330.2
-21041.9
-15304.5
-7170.6
1043.3
7342.47
10497.1
10242
7216.42
2670.02
-1954.94
-5433.72
-7048.45
-6681.81
-4741.21
-1972.84
784.277
2823.21
3735.41
3459.02
2239.31
529.233
-1157.27
-2392.39
-2927.19
-2729.55
-1962.75
-914.864
94.6
806.347
1077.37
900.516
374.849
-339.405
-1057.38
-1619.9
-1936.33
-1989.33
-1839.93
-1596.57
-1383.15
-1305.09
-1439.05
-1815.71
-2429.43
-3275.44
-4370.55
-5799.31
-7746.58
-10447.4
-14024.8
-17900
-19772.2
-15727.2
-3417.88
15063.3
34066.6
47351.1
50665
43172.1
27423.8
8089.51
-9821.63
-22514.1
-28096
-26549.3
-19406.1
-9239.68
1061.71
9000.35
13020.7
12773.6
9040.22
3369.72
-2431.97
-6822.97
-8883.52
-8458.49
-6051.14
-2597.11
846.519
3397.74
4544.42
4211.55
2704.09
585.994
-1506.61
-3043.83
-3719.47
-3494.13
-2560.11
-1267.21
-7.3187
898.792
1264.99
1069.35
430.435
-433.568
-1286.41
-1946.11
-2318.19
-2398.32
-2255.25
-2010.61
-1813.35
-1798.77
-2052.69
-2615.06
-3505.86
-4737.18
-6350.94
-8469.6
-11283
-14976.2
-19172.6
-21680.4
-18203.7
-5757.23
13781.2
34445.2
49445.7
54062.6
47152
31142.9
10825.9
-8478.15
-22605.3
-29342.6
-28464.7
-21440.5
-10899.8
103.775
8855.24
13583.4
13780.3
10153.7
4280.9
-1915.5
-6752.43
-9185.62
-8964.36
-6573.03
-2976.19
707.18
3514.91
4864.7
4638.39
3135.25
935.447
-1296.85
-2986.87
-3788.42
-3635.77
-2712.47
-1369.65
-17.0763
991.224
1447.32
1312.56
701.586
-168.894
-1055.08
-1747.44
-2121.03
-2155.17
-1946.98
-1668.66
-1489.93
-1530.05
-1850.22
-2479.79
-3431.62
-4705.66
-6310.18
-8334.38
-11008.6
-14651.6
-19324.7
-23865.6
-24647.8
-16816.1
1111.08
24906.6
46895.9
59859.9
59890.6
47391.8
26455.8
3077.78
-16991.6
-29849.5
-33932.3
-29816.1
-19780.7
-7131.38
4692.65
12962.6
16225.6
14498.8
9063.8
1962.06
-4667.56
-9166.46
-10705.7
-9347.75
-5891.04
-1557.8
2399.42
5022.2
5843.22
4924.92
2769.72
114.638
-2280.71
-3838.35
-4284.7
-3680.18
-2340.73
-722.203
718.838
1634.19
1862.19
1449.66
595.917
-416.421
-1305.88
-1875.11
-2038.85
-1831.86
-1382.45
-859.321
-432.525
-243.26
-363.895
-788.681
-1443.17
-2204.57
-2968.25
-3698.88
-4435.22
-5275.67
-6361.24
-7894.78
-10178
-13584.9
-18324.4
-23640.7
-26297.1
-20856.7
-4287.7
20205.2
44865.5
61580.6
65170.6
54931.2
34362.3
9536.2
-13185
-29086.3
-35877.6
-33599.8
-24245.9
-11139.1
1999.39
11999.2
16911
16351.7
11388.5
4053.44
-3337.84
-8833.45
-11297.7
-10571.6
-7352.32
-2860.56
1548.92
4759.65
6134.32
5599.13
3579.62
814.772
-1874.93
-3809.01
-4605.4
-4225.91
-2948.51
-1238.11
401.791
1560.45
2014.21
1757.41
967.192
-73.1979
-1056.95
-1752.07
-2044.21
-1937.47
-1537.01
-1002.95
-515.228
-228.434
-233.595
-549.095
-1107.69
-1790.64
-2469.21
-3073.54
-3595.84
-4098.97
-4689.55
-5518.58
-6781.34
-8731.16
-11674.8
-15876.6
-21134.3
-25546.9
-24451
-13060.6
8390.53
33876.5
55111.9
65301.9
61504.9
45275.1
21655.3
-2865.52
-22570.4
-33936.5
-35895.2
-29563.6
-17757
-4147.03
7714.88
15235.3
17276.3
14236.7
7758.74
116.286
-6495.3
-10522.8
-11332.2
-9221.49
-5197.4
-591.443
3324.27
5660.01
6060.09
4711.41
2225
-593.732
-2975.05
-4378.1
-4595.42
-3753.18
-2227.4
-507.556
937.418
1782.03
1902.6
1382.79
454.753
-575.844
-1429.41
-1920.92
-1993.34
-1711.4
-1217.43
-687.658
-280.925
-103.717
-206.636
-581.788
-1166.03
-1850
-2511.39
-3078.49
-3567.15
-4056.56
-4665.65
-5545.45
-6881.72
-8919.48
-11955.8
-16250.5
-21503.3
-25577.3
-23671
-11415.7
10313.9
35214.5
55165.4
63806.7
58719.4
41873
18463.6
-5150.51
-23578.1
-33650.1
-34577.1
-27663.7
-15790.6
-2563.27
8631.48
15401.7
16806.7
13391.4
6843.82
-599.984
-6837.74
-10436.2
-10875.2
-8539.1
-4469.77
7.15457
3678.91
5724.03
5855.96
4336.2
1802.77
-943.737
-3168.2
-4384.68
-4438.17
-3491.03
-1930.85
-246.462
1115.85
1857.97
1880.44
1284.44
318.012
-712.346
-1531.04
-1963.89
-1965.62
-1613.44
-1073.25
-542.366
-180.959
-87.3621
-273.403
-692.358
-1278.67
-1961.46
-2683.98
-3414.94
-4137.94
-4897.94
-5850.68
-7219.68
-9277.51
-12340
-16686.8
-22071.5
-26380.1
-24756.2
-12645.2
9284.89
34758.1
55437.4
64668.6
59851.8
42929.8
19200.9
-4840.97
-23672.6
-34019.6
-35056
-28103
-16065.6
-2605.89
8822.42
15774.7
17264.4
13817.3
7152.06
-453.864
-6849.31
-10555.5
-11037.1
-8673.82
-4522.79
67.0351
3846.87
5969.9
6138.3
4607.2
2026.59
-781.572
-3065.53
-4317.84
-4372.2
-3396.87
-1800.93
-87.6063
1289.1
2022.58
2023.96
1406.22
420.413
-629.457
-1466.05
-1905.77
-1900.36
-1527.91
-942.272
-329.477
141.793
360.941
293.377
-20.626
-486.347
-997.16
-1455.3
-1786.85
-1980.83
-2101.72
-2271.66
-2634.88
-3309.82
-4376.77
-5905.09
-8030.67
-10968.2
-14922.6
-19607.1
-23167.4
-21497
-10801
8241.11
30161.4
47775.8
55481.8
51170.8
36580.7
16258.6
-4251.96
-20255.3
-28995
-29797.3
-23794.6
-13484.2
-2003.89
7697.9
13547.2
14726.4
11716
5994.01
-491.494
-5916.83
-9042.34
-9416.88
-7371.27
-3818.64
83.4801
3279.99
5065.89
5197.03
3893.56
1707.78
-667.876
-2597.65
-3655.99
-3705.28
-2886.48
-1541.59
-90.4305
1085.2
1722.95
1741.57
1230.7
402.439
-475.744
-1173.66
-1549.87
-1555.97
-1242.91
-739.591
-206.089
215.501
431.632
414.993
197.968
-137.814
-495.435
-784.616
-948.781
-976.851
-897.215
-767.467
-658.789
-631.607
-714.064
-911.821
-1224.82
-1669.67
-2275.19
-3083.65
-4135.55
-5480.9
-7239.55
-9641.35
-12918.6
-16861.2
-19873.9
-18392.7
-9128.13
7348.41
26322.7
41573.8
48214.3
44444.9
31782.7
14158.7
-3640.58
-17555.3
-25190.5
-25942.8
-20789.3
-11877.3
-1912.6
6548.03
11688.8
12778
10212.7
5272.51
-352.671
-5071.46
-7796.69
-8141.5
-6395.59
-3342.78
27.2534
2798.86
4344.4
4453.17
3318.78
1415.39
-649.864
-2319.76
-3227.86
-3252.7
-2520.86
-1336.16
-66.7
950.535
1493.11
1499.07
1047.15
324.226
-436.552
-1034.22
-1342.85
-1330.33
-1047.4
-609.055
-153.058
195.242
360.476
330.466
140.535
-139.135
-428.344
-657.73
-788.264
-811.387
-745.209
-629.419
-515.874
-454.311
-476.757
-596.059
-810.786
-1120.86
-1514.64
-1974.83
-2515.86
-3238.77
-4337.33
-6092.91
-8816.06
-12653.4
-17176.5
-20493.2
-18711.8
-8483.1
9253.27
29214.8
44762.8
50898.8
45952.1
31787.3
12759.6
-5991.91
-20247.8
-27634.5
-27707.3
-21667.7
-11895.7
-1293.47
7468.54
12550.7
13296.2
10242.6
4814.32
-1167.15
-6037.19
-8703.99
-8826.99
-6782.92
-3448.49
118.954
2969.39
4480.21
4469.56
3173.43
1120.51
-1046.42
-2755.31
-3636.94
-3592.14
-2777.7
-1517.15
-194.974
840.393
1363.07
1323.12
822.779
62.267
-725
-1332.28
-1627.39
-1578.97
-1252.54
-778.73
-304.676
44.35
195.521
140.903
-75.6536
-376.444
-677.321
-904.36
-1016.64
-1010.64
-917.828
-787.222
-679.812
-641.605
-697.9
-848.979
-1079.54
-1374.33
-1728.92
-2160.46
-2720.37
-3501.93
-4645.78
-6351.25
-8770.36
-11627.6
-13531.9
-11765
-3938.16
9406.33
24460.8
36114.5
40380.9
35969.2
24381.5
9072.14
-5900.39
-17183.9
-22903.1
-22758
-17774.9
-9886.59
-1402.36
5556.03
9550.02
10091
7622.09
3286.96
-1462.41
-5309.78
-7394.02
-7453.75
-5791.7
-3108.48
-254.724
2004.21
3179.95
3139.23
2078.54
427.227
-1299.94
-2641.39
-3307.05
-3225.77
-2531.09
-1492.31
-421.714
404.524
811.589
758.128
333.344
-300.62
-945.798
-1432.08
-1655.9
-1598.79
-1317.91
-913.093
-503.357
-198.261
-61.1691
-97.9605
-272.525
-518.556
-760.544
-935.125
-1005.81
-971.913
-857.911
-700.805
-547.507
-440.668
-401.234
-427.659
-508.943
-621.317
-738.994
-838.051
-901.251
-924.56
-920.165
-905.585
-899.666
-925.901
-1005.04
-1151.2
-1375.11
-1689.2
-2113.34
-2693.69
-3517.29
-4726.48
-6459.35
-8724.48
-11041.4
-11722.4
-8087.27
1104.65
13859.9
25957.4
33222.6
33325.8
26358.2
14526.6
1197.82
-10320.5
-17743.2
-20154.5
-17874.5
-12191.4
-4970.43
1830.38
6647.59
8630.77
7756.45
4727.95
694.622
-3114.83
-5737.89
-6677.56
-5955.57
-4018.99
-1559.82
706.515
2227.13
2731.19
2245.1
1041.6
-463.355
-1836.27
-2740.02
-3011.73
-2674.91
-1909.64
-971.947
-122.962
436.151
607.794
407.9
-51.0703
-606.932
-1102.17
-1417.82
-1498.24
-1357.39
-1067.35
-725.447
-422.181
-223.3
-162.077
-234.931
-402.747
-603.312
-778.119
-888.537
-916.908
-867.025
-762.861
-642.39
-541.417
-483.525
-477.91
-518.5
-588.859
-667.193
-734.027
-777.684
-797.249
-799.013
-792.326
-794.22
-821.771
-886.698
-995.101
-1149.55
-1352.55
-1608.78
-1933.61
-2364.89
-2971.09
-3867.12
-5210.97
-7094.05
-9152.43
-10056.9
-7734.09
-960.045
9151.42
19520.6
26624
28089.7
23510.4
14394.5
3397.02
-6668.41
-13679.1
-16606
-15500.1
-11288
-5448.63
379.305
4805.75
6978.06
6735.98
4544.87
1298.22
-1974.57
-4406.66
-5496.23
-5174.13
-3747.87
-1758.02
198.32
1624.51
2236.99
2003.2
1112.48
-105.927
-1285.55
-2125.11
-2459.69
-2276.93
-1701.2
-938.405
-210.324
304.609
508.968
399.147
54.6382
-400.351
-835.654
-1144.67
-1270.55
-1206.06
-990.022
-699.109
-415.503
-208.613
-121.554
-157.925
-287.72
-463.984
-636.154
-760.731
-810.806
-784.71
-698.869
-584.531
-478.432
-406.131
-380.607
-398.596
-451.248
-521.176
-592.618
-654.767
-699.024
-719.557
-722.133
-716.738
-718.57
-742.527
-799.586
-892.685
-1025.65
-1199.88
-1416.45
-1689.49
-2048.63
-2543.28
-3240.01
-4237.98
-5641.86
-7356.55
-8666.67
-7921.69
-3583.58
4049.47
12775.3
19811.8
22954
21290.4
15387.2
6997.72
-1629.71
-8521.27
-12460.2
-13075.9
-10772.7
-6558.93
-1740.94
2429.1
5049.86
5735.99
4643.72
2354.42
-326.49
-2626.08
-4003.48
-4246.41
-3472.65
-2040.42
-420.774
943.223
1741.07
1854.14
1356.51
469.441
-518.529
-1339.15
-1806.95
-1856.65
-1539.71
-991.894
-388.204
109.374
392.032
420.873
228.98
-100.667
-462.242
-758.006
-924.412
-941.858
-829.454
-637.059
-429.988
-266.864
-185.004
-194.794
-285.707
-426.203
-578.118
-708.716
-796.242
-836.207
-838.542
-821.206
-815.927
-857.382
-975.774
-1188.18
-1500.53
-1919.71
-2474.23
-3222.26
-4258.3
-5675.05
-7393.87
-8781.03
-8322.78
-4522.41
2520.17
10854.5
17805.5
21142.8
19892.6
14575
6852.18
-1146.02
-7553.94
-11230.3
-11833.2
-9736.64
-5866.64
-1418.72
2448.62
4888.65
5537.42
4532.3
2410.35
-84.6065
-2235.47
-3537.94
-3791.88
-3101.26
-1793.92
-305.018
951.995
1687.51
1792.52
1333.73
512.409
-405.002
-1169.08
-1608.24
-1657.31
-1360.8
-848.941
-287.215
169.494
417.299
422.995
217.312
-118.965
-486.57
-796.574
-990.695
-1050.12
-1001.23
-898.028
-812.039
-816.545
-964.448
-1292.01
-1830.47
-2606.09
-3665.73
-5016.9
-6393.62
-6899.82
-5137.58
-454.757
6198.19
12768.8
17093.2
17793.9
14720.1
8873.31
1950.87
-4288.78
-8558.5
-10260.4
-9457.93
-6756.73
-3094.27
509.734
3200.53
4475.36
4256.1
2850
821.674
-1194.1
-2672.53
-3314.18
-3083.93
-2182.29
-949.138
242.236
1091.19
1431.99
1254.48
680.445
-84.43
-820.303
-1347.6
-1564.7
-1467.03
-1131.16
-688.017
-279.478
-18.5533
33.6167
-126.159
-452.017
-874.17
-1326.49
-1763.11
-2185.66
-2631.33
-3193.29
-3995.13
-5122.85
-6365.59
-6814.18
-5028.69
-304.41
6427.27
13063
17408.9
18090.6
14955.2
9023.79
2023.8
-4275.15
-8586.96
-10314.3
-9513.08
-6788.77
-3086.11
560.952
3286.36
4575.51
4345.45
2908.86
847.444
-1189.26
-2671.95
-3303.52
-3053.82
-2126.2
-866.103
347.862
1210.76
1557.38
1378.44
801.659
37.443
-689.906
-1201.19
-1402.68
-1292.52
-950.57
-504.776
-89.7855
186.31
279.374
193.454
-27.1969
-312.471
-597.74
-824.176
-961.392
-1028.43
-1046.31
-1193.52
-1451.68
-1893.29
-2563.56
-3606.47
-4713.5
-5306.71
-4370.6
-1192.65
3958.02
9376.38
13206.5
14207.9
12078.8
7619.66
2118.58
-2974.88
-6565.9
-8116.28
-7653.07
-5609.47
-2710.38
220.536
2481.38
3623.37
3548.56
2481.69
866.842
-784.563
-2030.09
-2609.02
-2477.71
-1783.68
-794.55
189.453
913.024
1232.84
1128.11
690.106
78.4556
-518.672
-950.627
-1131.68
-1054.3
-775.254
-400.749
-40.9833
218.316
322.906
270.564
94.8985
-133.389
-348.369
-493.363
-546.297
-513.55
-422.435
-306.08
-201.301
-133.396
-119.6
-171.68
-275.337
-419.125
-558.429
-696.572
-809.48
-958.874
-1166.15
-1367.18
-1599.54
-2019.15
-2800.47
-3966.68
-5017.53
-5269.27
-3786.95
-147.233
4721.6
9444.82
12615
13025.2
10583.6
6160.04
1038.57
-3472.97
-6455.02
-7516.75
-6728.58
-4592.55
-1844.16
780.491
2673.3
3487.4
3198.08
2065.65
520.145
-959.019
-2002.63
-2409.05
-2168.46
-1448.1
-508.183
373.687
980.745
1202.96
1042.29
593.672
17.525
-517.994
-887.552
-1021.19
-915.895
-635.649
-277.923
51.668
271.425
345.41
277.628
101.651
-118.325
-319.579
-451.237
-489.834
-446.779
-349.269
-228.808
-119.303
-46.809
-27.9826
-71.9412
-162.604
-292.443
-419.997
-524.668
-601.792
-639.242
-655.043
-675.389
-817.335
-1089.77
-1579.35
-2367.13
-3347.98
-4323.34
-4403.59
-2724.64
511.16
4617.14
8129.13
10095.6
9770.77
7422.61
3809.36
-48.4109
-3247.29
-5197.97
-5662.85
-4801.16
-3012.39
-883.908
1031.18
2296.58
2711.27
2304.52
1323.56
125.009
-942.428
-1619.64
-1798.36
-1508.04
-898.572
-174.51
458.428
853.296
945.884
755.818
375.349
-69.5604
-452.792
-684.584
-735.072
-619.563
-391.113
-120.722
115.19
261.141
290.507
214.848
71.9476
-92.3637
-233.631
-325.368
-350.876
-316.942
-240.813
-147.686
-66.7602
-20.7221
-14.6587
-45.5223
-110.325
-200.588
-297.292
-383.704
-470.444
-554.477
-611.58
-650.277
-723.769
-886.036
-1275.92
-1953.1
-2848.35
-3596.92
-3730.99
-2609.4
35.3032
3226.7
6191.43
7939.73
7967.1
6318.8
3597.38
566.148
-2060.91
-3767.43
-4356.16
-3853.85
-2571.7
-936.965
601.816
1691.07
2125.48
1905.58
1205.19
284.319
-574.383
-1155.14
-1352.57
-1178.07
-736.145
-183.432
321.895
657.489
766.876
655.764
382.681
45.6643
-264.587
-471.23
-536.789
-466.14
-294.49
-79.3648
110.486
231.554
263.568
211.766
103.698
-22.928
-133.36
-207.063
-231.472
-211.535
-159.008
-95.3763
-41.3526
-18.4256
-39.2724
-90.0274
-144.821
-210.288
-281.799
-341.677
-367.185
-432.406
-538.337
-693.862
-923.585
-1188.49
-1540.07
-2157.84
-3025.93
-3726.11
-3586.02
-2095
733.891
4440.21
7968.6
10124
10143.8
8032.06
4438.97
398.699
-3079.8
-5297.56
-5956.06
-5188.41
-3417.33
-1217.56
821.929
2241.07
2794.72
2488.77
1547.17
317.215
-835.029
-1614.58
-1879.03
-1642.5
-1045.81
-300.829
376.973
825.874
962.856
802.287
429.818
-25.3627
-432.643
-696.776
-769.748
-662.802
-431.41
-154.502
93.2674
252.972
299.237
233.541
88.95
-86.2592
-237.856
-332.245
-355.349
-314.184
-234.404
-136.726
-47.062
9.56687
17.4708
