1.526839999999999968e-02 -8.000000000000000167e-03
7.857809999999999795e-02 -8.000000000000000167e-03
1.961829999999999963e-01 -8.000000000000000167e-03
3.626969999999999916e-01 -8.000000000000000167e-03
5.838379999999999681e-01 -8.000000000000000167e-03
8.636730000000000240e-01 -8.000000000000000167e-03
1.199289999999999967e+00 -8.000000000000000167e-03
1.580480000000000107e+00 -8.000000000000000167e-03
1.996799999999999908e+00 -6.000000000000000125e-03
2.428440000000000154e+00 -6.000000000000000125e-03
2.816310000000000091e+00 -6.000000000000000125e-03
3.036610000000000031e+00 -6.000000000000000125e-03
2.994289999999999896e+00 -6.000000000000000125e-03
3.327379999999999782e+00 -6.000000000000000125e-03
3.925910000000000011e+00 -6.000000000000000125e-03
4.560999999999999943e+00 -6.000000000000000125e-03
5.038289999999999935e+00 -6.000000000000000125e-03
5.305019999999999847e+00 -6.000000000000000125e-03
5.423269999999999591e+00 -6.000000000000000125e-03
5.455770000000000231e+00 -6.000000000000000125e-03
5.401760000000000339e+00 -6.000000000000000125e-03
5.332110000000000127e+00 -6.000000000000000125e-03
5.380889999999999951e+00 -6.000000000000000125e-03
5.480559999999999654e+00 -6.000000000000000125e-03
5.540720000000000312e+00 -6.000000000000000125e-03
5.501649999999999707e+00 -6.000000000000000125e-03
5.397199999999999775e+00 -6.000000000000000125e-03
5.364060000000000272e+00 -6.000000000000000125e-03
5.358399999999999608e+00 -6.000000000000000125e-03
5.356620000000000381e+00 -6.000000000000000125e-03
5.357999999999999652e+00 -6.000000000000000125e-03
5.369340000000000224e+00 -6.000000000000000125e-03
5.388869999999999827e+00 -6.000000000000000125e-03
5.403730000000000366e+00 -6.000000000000000125e-03
5.391409999999999592e+00 -6.000000000000000125e-03
5.326870000000000438e+00 -6.000000000000000125e-03
5.220670000000000144e+00 -6.000000000000000125e-03
5.187700000000000422e+00 -6.000000000000000125e-03
5.216020000000000323e+00 -6.000000000000000125e-03
5.298910000000000231e+00 -6.000000000000000125e-03
5.436729999999999841e+00 -6.000000000000000125e-03
5.613540000000000418e+00 -6.000000000000000125e-03
5.779560000000000031e+00 -6.000000000000000125e-03
5.871380000000000265e+00 -6.000000000000000125e-03
5.853839999999999932e+00 -6.000000000000000125e-03
5.732050000000000090e+00 -6.000000000000000125e-03
5.675060000000000215e+00 -6.000000000000000125e-03
5.680329999999999657e+00 -6.000000000000000125e-03
5.728679999999999772e+00 -6.000000000000000125e-03
5.800519999999999676e+00 -6.000000000000000125e-03
5.891989999999999839e+00 -6.000000000000000125e-03
6.013799999999999812e+00 -6.000000000000000125e-03
6.153550000000000075e+00 -6.000000000000000125e-03
6.235369999999999635e+00 -6.000000000000000125e-03
6.157650000000000290e+00 -6.000000000000000125e-03
6.145819999999999617e+00 -6.000000000000000125e-03
6.224660000000000082e+00 -6.000000000000000125e-03
6.236620000000000275e+00 -6.000000000000000125e-03
6.098290000000000433e+00 -6.000000000000000125e-03
6.068800000000000416e+00 -6.000000000000000125e-03
6.046359999999999957e+00 -6.000000000000000125e-03
5.962839999999999918e+00 -6.000000000000000125e-03
5.843340000000000423e+00 -6.000000000000000125e-03
5.770669999999999966e+00 -6.000000000000000125e-03
5.738069999999999560e+00 -6.000000000000000125e-03
5.762940000000000396e+00 -6.000000000000000125e-03
5.867280000000000051e+00 -6.000000000000000125e-03
6.044920000000000293e+00 -6.000000000000000125e-03
6.247530000000000250e+00 -6.000000000000000125e-03
6.411979999999999791e+00 -6.000000000000000125e-03
6.523769999999999847e+00 -6.000000000000000125e-03
6.650960000000000427e+00 -6.000000000000000125e-03
6.877880000000000216e+00 -6.000000000000000125e-03
7.183250000000000135e+00 -6.000000000000000125e-03
7.396180000000000199e+00 -6.000000000000000125e-03
7.306020000000000181e+00 -6.000000000000000125e-03
7.453009999999999913e+00 -6.000000000000000125e-03
7.880160000000000053e+00 -6.000000000000000125e-03
8.372960000000000846e+00 -6.000000000000000125e-03
8.755819999999999936e+00 -6.000000000000000125e-03
8.961309999999999221e+00 -6.000000000000000125e-03
9.007039999999999935e+00 -6.000000000000000125e-03
8.941839999999999122e+00 -6.000000000000000125e-03
8.808659999999999712e+00 -6.000000000000000125e-03
8.624309999999999476e+00 -6.000000000000000125e-03
8.482979999999999521e+00 -6.000000000000000125e-03
8.414799999999999613e+00 -6.000000000000000125e-03
8.380209999999999937e+00 -6.000000000000000125e-03
8.300660000000000593e+00 -6.000000000000000125e-03
8.116149999999999309e+00 -6.000000000000000125e-03
8.030430000000000845e+00 -6.000000000000000125e-03
7.981880000000000308e+00 -6.000000000000000125e-03
7.915960000000000107e+00 -6.000000000000000125e-03
7.831059999999999910e+00 -6.000000000000000125e-03
7.756459999999999688e+00 -6.000000000000000125e-03
7.706100000000000172e+00 -6.000000000000000125e-03
7.663829999999999920e+00 -6.000000000000000125e-03
7.603950000000000209e+00 -6.000000000000000125e-03
7.510299999999999976e+00 -6.000000000000000125e-03
7.369250000000000078e+00 -6.000000000000000125e-03
7.245610000000000106e+00 -6.000000000000000125e-03
7.211899999999999977e+00 -6.000000000000000125e-03
7.261180000000000412e+00 -6.000000000000000125e-03
7.355459999999999887e+00 -6.000000000000000125e-03
7.442510000000000403e+00 -6.000000000000000125e-03
7.482289999999999885e+00 -6.000000000000000125e-03
7.460720000000000240e+00 -6.000000000000000125e-03
7.384960000000000413e+00 -6.000000000000000125e-03
7.265130000000000088e+00 -6.000000000000000125e-03
7.104879999999999640e+00 -8.000000000000000167e-03
7.003389999999999560e+00 -8.000000000000000167e-03
6.952689999999999593e+00 -8.000000000000000167e-03
6.923969999999999736e+00 -8.000000000000000167e-03
6.891379999999999839e+00 -8.000000000000000167e-03
6.863520000000000287e+00 -8.000000000000000167e-03
6.878510000000000346e+00 -8.000000000000000167e-03
6.948290000000000077e+00 -8.000000000000000167e-03
7.009719999999999729e+00 -8.000000000000000167e-03
6.955619999999999692e+00 -8.000000000000000167e-03
6.861710000000000420e+00 -8.000000000000000167e-03
6.866179999999999950e+00 -8.000000000000000167e-03
6.831579999999999764e+00 -8.000000000000000167e-03
6.684759999999999813e+00 -8.000000000000000167e-03
6.598559999999999981e+00 -8.000000000000000167e-03
6.498969999999999914e+00 -8.000000000000000167e-03
6.359070000000000000e+00 -8.000000000000000167e-03
6.219140000000000335e+00 -8.000000000000000167e-03
6.082370000000000054e+00 -8.000000000000000167e-03
5.986539999999999750e+00 -8.000000000000000167e-03
5.986889999999999823e+00 -8.000000000000000167e-03
6.067800000000000082e+00 -8.000000000000000167e-03
6.168879999999999697e+00 -8.000000000000000167e-03
6.259369999999999656e+00 -8.000000000000000167e-03
6.351960000000000051e+00 -8.000000000000000167e-03
6.456760000000000055e+00 -8.000000000000000167e-03
6.563860000000000028e+00 -8.000000000000000167e-03
6.688080000000000247e+00 -8.000000000000000167e-03
6.882039999999999935e+00 -8.000000000000000167e-03
7.146889999999999965e+00 -8.000000000000000167e-03
7.343720000000000248e+00 -8.000000000000000167e-03
7.257950000000000124e+00 -8.000000000000000167e-03
7.406550000000000189e+00 -8.000000000000000167e-03
7.837909999999999933e+00 -8.000000000000000167e-03
8.314310000000000755e+00 -8.000000000000000167e-03
8.659530000000000172e+00 -8.000000000000000167e-03
8.841459999999999653e+00 -8.000000000000000167e-03
8.905079999999999885e+00 -8.000000000000000167e-03
8.880060000000000286e+00 -8.000000000000000167e-03
8.763489999999999114e+00 -8.000000000000000167e-03
8.583259999999999224e+00 -8.000000000000000167e-03
8.495499999999999829e+00 -8.000000000000000167e-03
8.469079999999999941e+00 -8.000000000000000167e-03
8.451190000000000424e+00 -8.000000000000000167e-03
8.368430000000000035e+00 -8.000000000000000167e-03
8.194950000000000401e+00 -8.000000000000000167e-03
8.139079999999999870e+00 -8.000000000000000167e-03
8.131679999999999353e+00 -8.000000000000000167e-03
8.109239999999999782e+00 -8.000000000000000167e-03
8.057380000000000209e+00 -8.000000000000000167e-03
8.000759999999999650e+00 -8.000000000000000167e-03
7.959220000000000184e+00 -8.000000000000000167e-03
7.924839999999999662e+00 -8.000000000000000167e-03
7.869740000000000180e+00 -8.000000000000000167e-03
7.757439999999999891e+00 -8.000000000000000167e-03
7.614519999999999733e+00 -8.000000000000000167e-03
7.584259999999999557e+00 -8.000000000000000167e-03
7.636070000000000135e+00 -8.000000000000000167e-03
7.711560000000000414e+00 -8.000000000000000167e-03
7.761589999999999989e+00 -8.000000000000000167e-03
7.773240000000000371e+00 -8.000000000000000167e-03
7.756709999999999994e+00 -8.000000000000000167e-03
7.717950000000000088e+00 -8.000000000000000167e-03
7.645889999999999631e+00 -8.000000000000000167e-03
7.517559999999999576e+00 -8.000000000000000167e-03
7.380550000000000388e+00 -8.000000000000000167e-03
7.309219999999999828e+00 -8.000000000000000167e-03
7.251059999999999839e+00 -8.000000000000000167e-03
7.142089999999999606e+00 -8.000000000000000167e-03
6.997139999999999915e+00 -8.000000000000000167e-03
6.866629999999999789e+00 -8.000000000000000167e-03
6.765340000000000131e+00 -8.000000000000000167e-03
6.780850000000000044e+00 -8.000000000000000167e-03
6.854460000000000441e+00 -8.000000000000000167e-03
6.887450000000000294e+00 -8.000000000000000167e-03
6.824040000000000106e+00 -8.000000000000000167e-03
6.682559999999999611e+00 -8.000000000000000167e-03
6.545810000000000350e+00 -8.000000000000000167e-03
6.400570000000000093e+00 -8.000000000000000167e-03
6.274440000000000239e+00 -8.000000000000000167e-03
6.141680000000000028e+00 -8.000000000000000167e-03
6.022969999999999935e+00 -8.000000000000000167e-03
5.922030000000000349e+00 -8.000000000000000167e-03
5.814569999999999794e+00 -8.000000000000000167e-03
5.702569999999999695e+00 -8.000000000000000167e-03
5.629389999999999894e+00 -8.000000000000000167e-03
5.639920000000000044e+00 -8.000000000000000167e-03
5.730120000000000324e+00 -8.000000000000000167e-03
5.850920000000000343e+00 -8.000000000000000167e-03
5.959570000000000256e+00 -8.000000000000000167e-03
6.049380000000000202e+00 -8.000000000000000167e-03
6.122620000000000395e+00 -8.000000000000000167e-03
6.166170000000000151e+00 -8.000000000000000167e-03
6.189949999999999619e+00 -8.000000000000000167e-03
6.259389999999999787e+00 -8.000000000000000167e-03
6.439820000000000100e+00 -8.000000000000000167e-03
6.684120000000000061e+00 -8.000000000000000167e-03
6.813460000000000072e+00 -8.000000000000000167e-03
6.674349999999999561e+00 -8.000000000000000167e-03
6.871830000000000105e+00 -8.000000000000000167e-03
7.280450000000000088e+00 -8.000000000000000167e-03
7.732520000000000060e+00 -8.000000000000000167e-03
8.109759999999999636e+00 -8.000000000000000167e-03
8.340790000000000148e+00 -8.000000000000000167e-03
8.374109999999999943e+00 -8.000000000000000167e-03
8.201650000000000773e+00 -8.000000000000000167e-03
8.150339999999999918e+00 -8.000000000000000167e-03
8.150550000000000850e+00 -8.000000000000000167e-03
8.131389999999999674e+00 -8.000000000000000167e-03
8.067420000000000258e+00 -8.000000000000000167e-03
7.941699999999999982e+00 -8.000000000000000167e-03
7.799310000000000187e+00 -8.000000000000000167e-03
7.755489999999999995e+00 -8.000000000000000167e-03
7.761919999999999931e+00 -8.000000000000000167e-03
7.759389999999999787e+00 -8.000000000000000167e-03
7.730540000000000411e+00 -8.000000000000000167e-03
7.697639999999999816e+00 -8.000000000000000167e-03
7.670209999999999972e+00 -8.000000000000000167e-03
7.627060000000000173e+00 -8.000000000000000167e-03
7.543949999999999712e+00 -8.000000000000000167e-03
7.413640000000000008e+00 -8.000000000000000167e-03
7.264149999999999885e+00 -8.000000000000000167e-03
7.194440000000000168e+00 -8.000000000000000167e-03
7.209810000000000052e+00 -8.000000000000000167e-03
7.271650000000000169e+00 -8.000000000000000167e-03
7.318970000000000198e+00 -8.000000000000000167e-03
7.320039999999999658e+00 -8.000000000000000167e-03
7.283089999999999620e+00 -8.000000000000000167e-03
7.218250000000000277e+00 -8.000000000000000167e-03
7.108920000000000350e+00 -8.000000000000000167e-03
6.961619999999999919e+00 -8.000000000000000167e-03
6.870199999999999640e+00 -8.000000000000000167e-03
6.794050000000000367e+00 -8.000000000000000167e-03
6.697940000000000005e+00 -8.000000000000000167e-03
6.565699999999999648e+00 -8.000000000000000167e-03
6.446390000000000065e+00 -8.000000000000000167e-03
6.364950000000000330e+00 -8.000000000000000167e-03
6.274300000000000210e+00 -8.000000000000000167e-03
6.158870000000000289e+00 -8.000000000000000167e-03
6.153310000000000279e+00 -8.000000000000000167e-03
6.217830000000000190e+00 -8.000000000000000167e-03
6.283529999999999838e+00 -8.000000000000000167e-03
6.316180000000000128e+00 -8.000000000000000167e-03
6.323959999999999582e+00 -8.000000000000000167e-03
6.308329999999999771e+00 -8.000000000000000167e-03
6.241130000000000067e+00 -8.000000000000000167e-03
6.106519999999999726e+00 -8.000000000000000167e-03
6.038969999999999949e+00 -8.000000000000000167e-03
5.987250000000000405e+00 -8.000000000000000167e-03
5.912379999999999747e+00 -8.000000000000000167e-03
5.815629999999999633e+00 -8.000000000000000167e-03
5.726180000000000270e+00 -8.000000000000000167e-03
5.679380000000000095e+00 -8.000000000000000167e-03
5.697669999999999568e+00 -8.000000000000000167e-03
5.776080000000000325e+00 -8.000000000000000167e-03
5.874839999999999840e+00 -8.000000000000000167e-03
5.941860000000000142e+00 -8.000000000000000167e-03
5.954869999999999663e+00 -8.000000000000000167e-03
5.934940000000000104e+00 -8.000000000000000167e-03
5.914380000000000415e+00 -8.000000000000000167e-03
5.911730000000000373e+00 -8.000000000000000167e-03
5.953190000000000204e+00 -8.000000000000000167e-03
6.088490000000000180e+00 -8.000000000000000167e-03
6.337419999999999831e+00 -8.000000000000000167e-03
6.608699999999999797e+00 -8.000000000000000167e-03
6.709259999999999557e+00 -8.000000000000000167e-03
6.640869999999999607e+00 -8.000000000000000167e-03
6.914290000000000269e+00 -8.000000000000000167e-03
7.376640000000000086e+00 -8.000000000000000167e-03
7.844999999999999751e+00 -8.000000000000000167e-03
8.195520000000000138e+00 -8.000000000000000167e-03
8.364129999999999399e+00 -8.000000000000000167e-03
8.315429999999999211e+00 -8.000000000000000167e-03
8.195759999999999934e+00 -8.000000000000000167e-03
8.206619999999999138e+00 -8.000000000000000167e-03
8.228740000000000165e+00 -8.000000000000000167e-03
8.183630000000000848e+00 -8.000000000000000167e-03
8.055839999999999890e+00 -8.000000000000000167e-03
7.892529999999999824e+00 -8.000000000000000167e-03
7.802369999999999806e+00 -8.000000000000000167e-03
7.774180000000000312e+00 -8.000000000000000167e-03
7.770249999999999879e+00 -8.000000000000000167e-03
7.753320000000000434e+00 -8.000000000000000167e-03
7.721429999999999794e+00 -8.000000000000000167e-03
7.697180000000000355e+00 -8.000000000000000167e-03
7.677599999999999980e+00 -8.000000000000000167e-03
7.621249999999999858e+00 -8.000000000000000167e-03
7.484479999999999578e+00 -8.000000000000000167e-03
7.370770000000000266e+00 -8.000000000000000167e-03
7.325459999999999638e+00 -8.000000000000000167e-03
7.326329999999999565e+00 -8.000000000000000167e-03
7.358719999999999928e+00 -8.000000000000000167e-03
7.403609999999999580e+00 -8.000000000000000167e-03
7.431090000000000195e+00 -8.000000000000000167e-03
7.414939999999999642e+00 -8.000000000000000167e-03
7.340150000000000396e+00 -8.000000000000000167e-03
7.205040000000000333e+00 -8.000000000000000167e-03
7.066629999999999967e+00 -8.000000000000000167e-03
6.958709999999999951e+00 -8.000000000000000167e-03
6.854210000000000136e+00 -8.000000000000000167e-03
6.739980000000000082e+00 -8.000000000000000167e-03
6.611509999999999998e+00 -8.000000000000000167e-03
6.475920000000000343e+00 -8.000000000000000167e-03
6.401169999999999582e+00 -8.000000000000000167e-03
6.371260000000000367e+00 -8.000000000000000167e-03
6.320940000000000225e+00 -8.000000000000000167e-03
6.191349999999999909e+00 -8.000000000000000167e-03
6.114639999999999631e+00 -8.000000000000000167e-03
6.061130000000000351e+00 -8.000000000000000167e-03
6.014649999999999608e+00 -8.000000000000000167e-03
6.023399999999999643e+00 -8.000000000000000167e-03
6.128120000000000012e+00 -8.000000000000000167e-03
6.281589999999999563e+00 -8.000000000000000167e-03
6.371080000000000076e+00 -8.000000000000000167e-03
6.324460000000000193e+00 -8.000000000000000167e-03
6.203129999999999811e+00 -8.000000000000000167e-03
6.142979999999999663e+00 -8.000000000000000167e-03
6.115109999999999602e+00 -8.000000000000000167e-03
6.126339999999999897e+00 -8.000000000000000167e-03
6.168300000000000338e+00 -8.000000000000000167e-03
6.204570000000000363e+00 -8.000000000000000167e-03
6.207499999999999574e+00 -8.000000000000000167e-03
6.185559999999999725e+00 -8.000000000000000167e-03
6.158890000000000420e+00 -8.000000000000000167e-03
6.124430000000000263e+00 -8.000000000000000167e-03
6.063299999999999912e+00 -8.000000000000000167e-03
5.973189999999999777e+00 -8.000000000000000167e-03
5.874419999999999753e+00 -8.000000000000000167e-03
5.787490000000000023e+00 -8.000000000000000167e-03
5.725999999999999979e+00 -8.000000000000000167e-03
5.719719999999999693e+00 -8.000000000000000167e-03
5.822259999999999991e+00 -8.000000000000000167e-03
6.072510000000000296e+00 -8.000000000000000167e-03
6.424389999999999823e+00 -8.000000000000000167e-03
6.732549999999999812e+00 -8.000000000000000167e-03
6.815199999999999925e+00 -8.000000000000000167e-03
6.771880000000000344e+00 -8.000000000000000167e-03
7.073349999999999582e+00 -8.000000000000000167e-03
7.594710000000000072e+00 -8.000000000000000167e-03
8.149720000000000297e+00 -8.000000000000000167e-03
8.559079999999999799e+00 -8.000000000000000167e-03
8.711690000000000822e+00 -8.000000000000000167e-03
8.595250000000000057e+00 -8.000000000000000167e-03
8.518230000000000857e+00 -8.000000000000000167e-03
8.524990000000000734e+00 -8.000000000000000167e-03
8.516830000000000567e+00 -8.000000000000000167e-03
8.441610000000000724e+00 -8.000000000000000167e-03
8.287499999999999645e+00 -8.000000000000000167e-03
8.136829999999999785e+00 -8.000000000000000167e-03
8.039170000000000371e+00 -8.000000000000000167e-03
7.969820000000000348e+00 -8.000000000000000167e-03
7.917919999999999625e+00 -8.000000000000000167e-03
7.888700000000000045e+00 -8.000000000000000167e-03
7.884830000000000005e+00 -8.000000000000000167e-03
7.881070000000000242e+00 -8.000000000000000167e-03
7.828509999999999636e+00 -8.000000000000000167e-03
7.690299999999999692e+00 -8.000000000000000167e-03
7.563080000000000247e+00 -8.000000000000000167e-03
7.483959999999999724e+00 -8.000000000000000167e-03
7.419249999999999901e+00 -8.000000000000000167e-03
7.361220000000000319e+00 -8.000000000000000167e-03
7.315050000000000274e+00 -8.000000000000000167e-03
7.278279999999999639e+00 -8.000000000000000167e-03
7.235030000000000072e+00 -8.000000000000000167e-03
7.166369999999999685e+00 -8.000000000000000167e-03
7.058320000000000149e+00 -8.000000000000000167e-03
6.908990000000000187e+00 -8.000000000000000167e-03
6.774630000000000152e+00 -8.000000000000000167e-03
6.647400000000000198e+00 -8.000000000000000167e-03
6.512100000000000222e+00 -8.000000000000000167e-03
6.371299999999999741e+00 -8.000000000000000167e-03
6.231659999999999755e+00 -8.000000000000000167e-03
6.102990000000000137e+00 -8.000000000000000167e-03
6.015060000000000073e+00 -8.000000000000000167e-03
5.963289999999999758e+00 -8.000000000000000167e-03
5.906380000000000408e+00 -8.000000000000000167e-03
5.804960000000000342e+00 -8.000000000000000167e-03
5.682680000000000398e+00 -8.000000000000000167e-03
5.566370000000000040e+00 -8.000000000000000167e-03
5.453610000000000291e+00 -8.000000000000000167e-03
5.397120000000000140e+00 -8.000000000000000167e-03
5.451730000000000409e+00 -8.000000000000000167e-03
5.607719999999999594e+00 -8.000000000000000167e-03
5.790700000000000180e+00 -8.000000000000000167e-03
5.920630000000000059e+00 -8.000000000000000167e-03
5.951469999999999594e+00 -8.000000000000000167e-03
5.862739999999999618e+00 -8.000000000000000167e-03
5.818080000000000140e+00 -8.000000000000000167e-03
5.894269999999999676e+00 -8.000000000000000167e-03
6.037749999999999950e+00 -8.000000000000000167e-03
6.176809999999999690e+00 -8.000000000000000167e-03
6.262419999999999654e+00 -8.000000000000000167e-03
6.280260000000000176e+00 -8.000000000000000167e-03
6.228880000000000194e+00 -8.000000000000000167e-03
6.106539999999999857e+00 -8.000000000000000167e-03
6.010609999999999786e+00 -8.000000000000000167e-03
5.934249999999999581e+00 -8.000000000000000167e-03
5.834319999999999951e+00 -8.000000000000000167e-03
5.707189999999999763e+00 -8.000000000000000167e-03
5.607610000000000205e+00 -8.000000000000000167e-03
5.535519999999999996e+00 -8.000000000000000167e-03
5.515550000000000175e+00 -8.000000000000000167e-03
5.570669999999999789e+00 -8.000000000000000167e-03
5.703990000000000116e+00 -8.000000000000000167e-03
5.918490000000000251e+00 -8.000000000000000167e-03
6.225369999999999848e+00 -8.000000000000000167e-03
6.598600000000000243e+00 -8.000000000000000167e-03
6.917069999999999830e+00 -8.000000000000000167e-03
6.987090000000000245e+00 -8.000000000000000167e-03
6.995020000000000238e+00 -8.000000000000000167e-03
7.377790000000000070e+00 -8.000000000000000167e-03
7.947029999999999816e+00 -8.000000000000000167e-03
8.472469999999999501e+00 -8.000000000000000167e-03
8.803190000000000737e+00 -8.000000000000000167e-03
8.903969999999999274e+00 -8.000000000000000167e-03
8.813750000000000639e+00 -6.000000000000000125e-03
8.637679999999999580e+00 -6.000000000000000125e-03
8.536619999999999209e+00 -6.000000000000000125e-03
8.455059999999999576e+00 -6.000000000000000125e-03
8.353410000000000224e+00 -6.000000000000000125e-03
8.211769999999999570e+00 -6.000000000000000125e-03
8.028800000000000381e+00 -6.000000000000000125e-03
7.885690000000000310e+00 -6.000000000000000125e-03
7.772990000000000066e+00 -6.000000000000000125e-03
7.680799999999999628e+00 -6.000000000000000125e-03
7.601630000000000109e+00 -6.000000000000000125e-03
7.528550000000000075e+00 -6.000000000000000125e-03
7.453319999999999723e+00 -6.000000000000000125e-03
7.368829999999999991e+00 -6.000000000000000125e-03
7.272450000000000081e+00 -6.000000000000000125e-03
7.163630000000000386e+00 -8.000000000000000167e-03
7.033489999999999576e+00 -8.000000000000000167e-03
6.885250000000000092e+00 -8.000000000000000167e-03
6.789220000000000255e+00 -8.000000000000000167e-03
6.733810000000000073e+00 -8.000000000000000167e-03
6.695859999999999701e+00 -8.000000000000000167e-03
6.655660000000000132e+00 -8.000000000000000167e-03
6.600050000000000416e+00 -8.000000000000000167e-03
6.518299999999999983e+00 -8.000000000000000167e-03
6.405850000000000044e+00 -8.000000000000000167e-03
6.275319999999999787e+00 -8.000000000000000167e-03
6.149399999999999977e+00 -8.000000000000000167e-03
6.034080000000000332e+00 -8.000000000000000167e-03
5.909900000000000375e+00 -8.000000000000000167e-03
5.787460000000000271e+00 -8.000000000000000167e-03
5.658310000000000173e+00 -6.000000000000000125e-03
5.586579999999999657e+00 -6.000000000000000125e-03
5.563920000000000421e+00 -6.000000000000000125e-03
5.516460000000000363e+00 -6.000000000000000125e-03
5.403830000000000133e+00 -6.000000000000000125e-03
5.361010000000000275e+00 -6.000000000000000125e-03
5.307649999999999757e+00 -6.000000000000000125e-03
5.207519999999999705e+00 -6.000000000000000125e-03
5.117650000000000254e+00 -6.000000000000000125e-03
5.123310000000000031e+00 -6.000000000000000125e-03
5.242490000000000094e+00 -6.000000000000000125e-03
5.412090000000000067e+00 -6.000000000000000125e-03
5.552080000000000126e+00 -6.000000000000000125e-03
5.619100000000000428e+00 -6.000000000000000125e-03
5.598220000000000418e+00 -6.000000000000000125e-03
5.475959999999999717e+00 -6.000000000000000125e-03
5.463180000000000369e+00 -6.000000000000000125e-03
5.544130000000000003e+00 -6.000000000000000125e-03
5.664439999999999920e+00 -6.000000000000000125e-03
5.769289999999999807e+00 -6.000000000000000125e-03
5.828249999999999709e+00 -6.000000000000000125e-03
5.830059999999999576e+00 -6.000000000000000125e-03
5.770380000000000287e+00 -6.000000000000000125e-03
5.647789999999999644e+00 -6.000000000000000125e-03
5.567910000000000359e+00 -6.000000000000000125e-03
5.516799999999999926e+00 -6.000000000000000125e-03
5.459290000000000198e+00 -6.000000000000000125e-03
5.366399999999999615e+00 -6.000000000000000125e-03
5.273460000000000036e+00 -6.000000000000000125e-03
5.250370000000000203e+00 -6.000000000000000125e-03
5.298860000000000348e+00 -6.000000000000000125e-03
5.412469999999999892e+00 -6.000000000000000125e-03
5.577230000000000132e+00 -6.000000000000000125e-03
5.780850000000000044e+00 -6.000000000000000125e-03
6.026220000000000354e+00 -6.000000000000000125e-03
6.321250000000000036e+00 -6.000000000000000125e-03
6.637599999999999945e+00 -6.000000000000000125e-03
6.869519999999999627e+00 -6.000000000000000125e-03
6.860629999999999562e+00 -6.000000000000000125e-03
6.908220000000000027e+00 -6.000000000000000125e-03
7.272949999999999804e+00 -6.000000000000000125e-03
7.785619999999999763e+00 -6.000000000000000125e-03
8.251099999999999213e+00 -6.000000000000000125e-03
8.550459999999999283e+00 -6.000000000000000125e-03
8.659029999999999561e+00 -6.000000000000000125e-03
8.601679999999999993e+00 -6.000000000000000125e-03
8.414540000000000575e+00 -6.000000000000000125e-03
8.312089999999999534e+00 -6.000000000000000125e-03
8.257720000000000837e+00 -6.000000000000000125e-03
8.207750000000000767e+00 -6.000000000000000125e-03
8.129929999999999879e+00 -6.000000000000000125e-03
8.002340000000000231e+00 -6.000000000000000125e-03
7.832340000000000302e+00 -6.000000000000000125e-03
7.718860000000000277e+00 -6.000000000000000125e-03
7.627250000000000085e+00 -6.000000000000000125e-03
7.529379999999999740e+00 -6.000000000000000125e-03
7.427360000000000184e+00 -6.000000000000000125e-03
7.342869999999999564e+00 -6.000000000000000125e-03
7.283419999999999561e+00 -6.000000000000000125e-03
7.229529999999999568e+00 -6.000000000000000125e-03
7.154180000000000206e+00 -6.000000000000000125e-03
7.043779999999999930e+00 -6.000000000000000125e-03
6.895830000000000126e+00 -6.000000000000000125e-03
6.774339999999999584e+00 -6.000000000000000125e-03
6.697140000000000093e+00 -6.000000000000000125e-03
6.652700000000000280e+00 -6.000000000000000125e-03
6.625490000000000101e+00 -6.000000000000000125e-03
6.602699999999999569e+00 -6.000000000000000125e-03
6.572910000000000252e+00 -6.000000000000000125e-03
6.521320000000000228e+00 -6.000000000000000125e-03
6.436069999999999958e+00 -6.000000000000000125e-03
6.321229999999999905e+00 -6.000000000000000125e-03
6.191589999999999705e+00 -6.000000000000000125e-03
6.057500000000000107e+00 -6.000000000000000125e-03
5.924820000000000420e+00 -6.000000000000000125e-03
5.808849999999999625e+00 -6.000000000000000125e-03
5.726409999999999556e+00 -6.000000000000000125e-03
5.664360000000000284e+00 -6.000000000000000125e-03
5.574089999999999989e+00 -6.000000000000000125e-03
5.482190000000000119e+00 -6.000000000000000125e-03
5.448210000000000441e+00 -6.000000000000000125e-03
5.420139999999999958e+00 -6.000000000000000125e-03
5.375969999999999693e+00 -6.000000000000000125e-03
5.353209999999999802e+00 -6.000000000000000125e-03
5.397850000000000037e+00 -6.000000000000000125e-03
5.505020000000000024e+00 -6.000000000000000125e-03
5.624069999999999681e+00 -6.000000000000000125e-03
5.710410000000000430e+00 -6.000000000000000125e-03
5.750670000000000393e+00 -6.000000000000000125e-03
5.741690000000000182e+00 -6.000000000000000125e-03
5.668630000000000280e+00 -6.000000000000000125e-03
5.564580000000000304e+00 -6.000000000000000125e-03
5.538759999999999906e+00 -6.000000000000000125e-03
5.570689999999999920e+00 -6.000000000000000125e-03
5.638320000000000221e+00 -6.000000000000000125e-03
5.709609999999999630e+00 -6.000000000000000125e-03
5.737289999999999779e+00 -6.000000000000000125e-03
5.679079999999999906e+00 -6.000000000000000125e-03
5.572729999999999961e+00 -6.000000000000000125e-03
5.526220000000000354e+00 -6.000000000000000125e-03
5.495339999999999669e+00 -6.000000000000000125e-03
5.454229999999999912e+00 -6.000000000000000125e-03
5.380799999999999805e+00 -6.000000000000000125e-03
5.271709999999999674e+00 -6.000000000000000125e-03
5.244469999999999743e+00 -6.000000000000000125e-03
5.283629999999999605e+00 -6.000000000000000125e-03
5.354440000000000310e+00 -6.000000000000000125e-03
5.436359999999999637e+00 -6.000000000000000125e-03
5.532740000000000435e+00 -6.000000000000000125e-03
5.648430000000000284e+00 -6.000000000000000125e-03
5.779560000000000031e+00 -6.000000000000000125e-03
5.932299999999999685e+00 -6.000000000000000125e-03
6.126970000000000027e+00 -6.000000000000000125e-03
6.349789999999999601e+00 -6.000000000000000125e-03
6.508259999999999934e+00 -6.000000000000000125e-03
6.458569999999999922e+00 -6.000000000000000125e-03
6.519389999999999574e+00 -6.000000000000000125e-03
6.849179999999999602e+00 -6.000000000000000125e-03
7.300370000000000026e+00 -6.000000000000000125e-03
7.711560000000000414e+00 -6.000000000000000125e-03
7.982969999999999899e+00 -6.000000000000000125e-03
8.087509999999999977e+00 -6.000000000000000125e-03
8.041809999999999903e+00 -6.000000000000000125e-03
7.882069999999999688e+00 -6.000000000000000125e-03
7.757970000000000255e+00 -6.000000000000000125e-03
7.667609999999999815e+00 -6.000000000000000125e-03
7.578809999999999825e+00 -6.000000000000000125e-03
7.473550000000000360e+00 -6.000000000000000125e-03
7.347019999999999662e+00 -6.000000000000000125e-03
7.202790000000000248e+00 -6.000000000000000125e-03
7.047640000000000349e+00 -6.000000000000000125e-03
6.897050000000000125e+00 -6.000000000000000125e-03
6.774969999999999715e+00 -6.000000000000000125e-03
6.692560000000000286e+00 -6.000000000000000125e-03
6.644470000000000098e+00 -6.000000000000000125e-03
6.607039999999999580e+00 -6.000000000000000125e-03
6.554579999999999629e+00 -6.000000000000000125e-03
6.477079999999999949e+00 -6.000000000000000125e-03
6.372329999999999828e+00 -6.000000000000000125e-03
6.233179999999999943e+00 -6.000000000000000125e-03
6.140259999999999607e+00 -6.000000000000000125e-03
6.104070000000000107e+00 -6.000000000000000125e-03
6.108670000000000044e+00 -6.000000000000000125e-03
6.126360000000000028e+00 -6.000000000000000125e-03
6.130410000000000359e+00 -6.000000000000000125e-03
6.103430000000000355e+00 -6.000000000000000125e-03
6.042300000000000004e+00 -6.000000000000000125e-03
5.961000000000000298e+00 -6.000000000000000125e-03
5.882550000000000168e+00 -6.000000000000000125e-03
5.816959999999999908e+00 -6.000000000000000125e-03
5.750639999999999752e+00 -6.000000000000000125e-03
5.663809999999999789e+00 -6.000000000000000125e-03
5.558910000000000018e+00 -6.000000000000000125e-03
5.459990000000000343e+00 -6.000000000000000125e-03
5.377620000000000289e+00 -6.000000000000000125e-03
5.281670000000000087e+00 -6.000000000000000125e-03
5.196320000000000050e+00 -6.000000000000000125e-03
5.177660000000000373e+00 -6.000000000000000125e-03
5.182019999999999627e+00 -6.000000000000000125e-03
5.160470000000000113e+00 -6.000000000000000125e-03
5.107929999999999637e+00 -6.000000000000000125e-03
5.060130000000000017e+00 -6.000000000000000125e-03
5.050889999999999880e+00 -6.000000000000000125e-03
5.080079999999999707e+00 -6.000000000000000125e-03
5.123529999999999696e+00 -6.000000000000000125e-03
5.158450000000000202e+00 -6.000000000000000125e-03
5.176420000000000243e+00 -6.000000000000000125e-03
5.166590000000000238e+00 -6.000000000000000125e-03
5.105949999999999989e+00 -6.000000000000000125e-03
5.016140000000000043e+00 -6.000000000000000125e-03
5.018379999999999619e+00 -6.000000000000000125e-03
5.085650000000000226e+00 -6.000000000000000125e-03
5.167320000000000135e+00 -6.000000000000000125e-03
5.214439999999999742e+00 -6.000000000000000125e-03
5.203260000000000218e+00 -6.000000000000000125e-03
5.135500000000000398e+00 -6.000000000000000125e-03
5.023500000000000298e+00 -6.000000000000000125e-03
4.942420000000000258e+00 -6.000000000000000125e-03
4.885769999999999946e+00 -6.000000000000000125e-03
4.834609999999999630e+00 -6.000000000000000125e-03
4.766709999999999781e+00 -6.000000000000000125e-03
4.662480000000000402e+00 -6.000000000000000125e-03
4.606869999999999798e+00 -6.000000000000000125e-03
4.610299999999999621e+00 -6.000000000000000125e-03
4.662650000000000183e+00 -6.000000000000000125e-03
4.736819999999999808e+00 -6.000000000000000125e-03
4.803729999999999833e+00 -6.000000000000000125e-03
4.851630000000000109e+00 -6.000000000000000125e-03
4.890109999999999957e+00 -6.000000000000000125e-03
4.934050000000000047e+00 -6.000000000000000125e-03
4.994810000000000194e+00 -6.000000000000000125e-03
5.093779999999999752e+00 -6.000000000000000125e-03
5.255589999999999762e+00 -6.000000000000000125e-03
5.465410000000000323e+00 -6.000000000000000125e-03
5.623179999999999623e+00 -6.000000000000000125e-03
5.578599999999999781e+00 -6.000000000000000125e-03
5.667550000000000310e+00 -6.000000000000000125e-03
6.008000000000000007e+00 -6.000000000000000125e-03
6.442910000000000359e+00 -6.000000000000000125e-03
6.819510000000000183e+00 -6.000000000000000125e-03
7.072199999999999598e+00 -6.000000000000000125e-03
7.205910000000000259e+00 -6.000000000000000125e-03
7.240079999999999849e+00 -6.000000000000000125e-03
7.180259999999999643e+00 -6.000000000000000125e-03
7.029300000000000104e+00 -6.000000000000000125e-03
6.936919999999999753e+00 -6.000000000000000125e-03
6.892350000000000421e+00 -6.000000000000000125e-03
6.859300000000000175e+00 -6.000000000000000125e-03
6.802789999999999893e+00 -6.000000000000000125e-03
6.700759999999999827e+00 -6.000000000000000125e-03
6.552069999999999617e+00 -6.000000000000000125e-03
6.439320000000000377e+00 -6.000000000000000125e-03
6.356510000000000105e+00 -6.000000000000000125e-03
6.303379999999999761e+00 -6.000000000000000125e-03
6.274610000000000021e+00 -6.000000000000000125e-03
6.248590000000000089e+00 -6.000000000000000125e-03
6.199970000000000425e+00 -6.000000000000000125e-03
6.118310000000000137e+00 -6.000000000000000125e-03
6.002169999999999561e+00 -6.000000000000000125e-03
5.891250000000000320e+00 -6.000000000000000125e-03
5.838040000000000340e+00 -6.000000000000000125e-03
5.831269999999999953e+00 -6.000000000000000125e-03
5.833029999999999937e+00 -6.000000000000000125e-03
5.806930000000000369e+00 -6.000000000000000125e-03
5.747650000000000148e+00 -6.000000000000000125e-03
5.675670000000000215e+00 -6.000000000000000125e-03
5.606169999999999654e+00 -6.000000000000000125e-03
5.537340000000000373e+00 -6.000000000000000125e-03
5.459439999999999849e+00 -6.000000000000000125e-03
5.369100000000000428e+00 -6.000000000000000125e-03
5.268180000000000085e+00 -6.000000000000000125e-03
5.161640000000000228e+00 -6.000000000000000125e-03
5.057479999999999976e+00 -6.000000000000000125e-03
4.958820000000000228e+00 -6.000000000000000125e-03
4.850749999999999673e+00 -6.000000000000000125e-03
4.778249999999999886e+00 -6.000000000000000125e-03
4.754769999999999719e+00 -6.000000000000000125e-03
4.744369999999999976e+00 -6.000000000000000125e-03
4.698509999999999742e+00 -6.000000000000000125e-03
4.609449999999999825e+00 -6.000000000000000125e-03
4.520340000000000025e+00 -6.000000000000000125e-03
4.475270000000000081e+00 -6.000000000000000125e-03
4.470600000000000129e+00 -6.000000000000000125e-03
4.471949999999999648e+00 -6.000000000000000125e-03
4.459399999999999586e+00 -6.000000000000000125e-03
4.448419999999999597e+00 -6.000000000000000125e-03
4.455860000000000376e+00 -6.000000000000000125e-03
4.470699999999999896e+00 -6.000000000000000125e-03
4.462439999999999962e+00 -6.000000000000000125e-03
4.406060000000000088e+00 -6.000000000000000125e-03
4.324089999999999989e+00 -6.000000000000000125e-03
4.308169999999999611e+00 -6.000000000000000125e-03
4.349310000000000009e+00 -6.000000000000000125e-03
4.418510000000000382e+00 -6.000000000000000125e-03
4.473539999999999850e+00 -6.000000000000000125e-03
4.483640000000000292e+00 -6.000000000000000125e-03
4.442580000000000418e+00 -6.000000000000000125e-03
4.355570000000000164e+00 -6.000000000000000125e-03
4.286330000000000418e+00 -6.000000000000000125e-03
4.244390000000000107e+00 -6.000000000000000125e-03
4.196559999999999846e+00 -6.000000000000000125e-03
4.109329999999999927e+00 -6.000000000000000125e-03
4.059300000000000352e+00 -6.000000000000000125e-03
4.045010000000000439e+00 -6.000000000000000125e-03
4.053270000000000373e+00 -6.000000000000000125e-03
4.086400000000000254e+00 -6.000000000000000125e-03
4.141049999999999898e+00 -6.000000000000000125e-03
4.190150000000000041e+00 -6.000000000000000125e-03
4.203509999999999636e+00 -6.000000000000000125e-03
4.180250000000000021e+00 -6.000000000000000125e-03
4.152779999999999916e+00 -6.000000000000000125e-03
4.152219999999999800e+00 -6.000000000000000125e-03
4.189009999999999678e+00 -6.000000000000000125e-03
4.267610000000000348e+00 -6.000000000000000125e-03
4.398509999999999920e+00 -6.000000000000000125e-03
4.568179999999999907e+00 -6.000000000000000125e-03
4.700770000000000337e+00 -6.000000000000000125e-03
4.675869999999999749e+00 -6.000000000000000125e-03
4.730909999999999727e+00 -6.000000000000000125e-03
5.005099999999999660e+00 -6.000000000000000125e-03
5.379809999999999981e+00 -6.000000000000000125e-03
5.726750000000000007e+00 -6.000000000000000125e-03
5.974879999999999747e+00 -6.000000000000000125e-03
6.110710000000000086e+00 -6.000000000000000125e-03
6.142019999999999591e+00 -6.000000000000000125e-03
6.075789999999999580e+00 -6.000000000000000125e-03
5.954229999999999912e+00 -6.000000000000000125e-03
5.897029999999999994e+00 -6.000000000000000125e-03
5.867829999999999657e+00 -6.000000000000000125e-03
5.833059999999999690e+00 -6.000000000000000125e-03
5.770129999999999981e+00 -6.000000000000000125e-03
5.671230000000000437e+00 -6.000000000000000125e-03
5.544080000000000119e+00 -6.000000000000000125e-03
5.436589999999999812e+00 -6.000000000000000125e-03
5.340530000000000221e+00 -6.000000000000000125e-03
5.259079999999999977e+00 -6.000000000000000125e-03
5.193839999999999790e+00 -6.000000000000000125e-03
5.135229999999999961e+00 -6.000000000000000125e-03
5.066869999999999763e+00 -6.000000000000000125e-03
4.979630000000000223e+00 -6.000000000000000125e-03
4.876350000000000406e+00 -6.000000000000000125e-03
4.775960000000000427e+00 -6.000000000000000125e-03
4.700899999999999856e+00 -6.000000000000000125e-03
4.654469999999999885e+00 -6.000000000000000125e-03
4.624729999999999563e+00 -6.000000000000000125e-03
4.593639999999999723e+00 -6.000000000000000125e-03
4.552679999999999616e+00 -6.000000000000000125e-03
4.504260000000000375e+00 -6.000000000000000125e-03
4.449010000000000353e+00 -6.000000000000000125e-03
4.383449999999999847e+00 -6.000000000000000125e-03
4.309370000000000367e+00 -6.000000000000000125e-03
4.242160000000000153e+00 -6.000000000000000125e-03
4.193369999999999820e+00 -6.000000000000000125e-03
4.155590000000000117e+00 -6.000000000000000125e-03
4.107120000000000104e+00 -6.000000000000000125e-03
4.039250000000000007e+00 -6.000000000000000125e-03
3.959680000000000089e+00 -6.000000000000000125e-03
3.876209999999999933e+00 -6.000000000000000125e-03
3.798810000000000020e+00 -6.000000000000000125e-03
3.748349999999999849e+00 -6.000000000000000125e-03
3.714259999999999895e+00 -6.000000000000000125e-03
3.672569999999999890e+00 -6.000000000000000125e-03
3.619110000000000049e+00 -6.000000000000000125e-03
3.578530000000000211e+00 -6.000000000000000125e-03
3.574479999999999880e+00 -6.000000000000000125e-03
3.594310000000000116e+00 -6.000000000000000125e-03
3.598380000000000134e+00 -6.000000000000000125e-03
3.566089999999999982e+00 -6.000000000000000125e-03
3.517700000000000049e+00 -6.000000000000000125e-03
3.487220000000000208e+00 -6.000000000000000125e-03
3.480020000000000113e+00 -6.000000000000000125e-03
3.468290000000000095e+00 -6.000000000000000125e-03
3.420459999999999834e+00 -6.000000000000000125e-03
3.356329999999999814e+00 -6.000000000000000125e-03
3.321120000000000072e+00 -6.000000000000000125e-03
3.300199999999999800e+00 -6.000000000000000125e-03
3.291500000000000092e+00 -6.000000000000000125e-03
3.292310000000000070e+00 -6.000000000000000125e-03
3.289010000000000211e+00 -6.000000000000000125e-03
3.260450000000000070e+00 -6.000000000000000125e-03
3.196849999999999969e+00 -6.000000000000000125e-03
3.141519999999999868e+00 -6.000000000000000125e-03
3.092630000000000212e+00 -6.000000000000000125e-03
3.033290000000000042e+00 -6.000000000000000125e-03
2.973160000000000025e+00 -6.000000000000000125e-03
2.934899999999999842e+00 -6.000000000000000125e-03
2.920650000000000190e+00 -6.000000000000000125e-03
2.930340000000000167e+00 -6.000000000000000125e-03
2.952999999999999847e+00 -6.000000000000000125e-03
2.970909999999999940e+00 -6.000000000000000125e-03
2.973739999999999828e+00 -6.000000000000000125e-03
2.964370000000000172e+00 -6.000000000000000125e-03
2.953110000000000124e+00 -6.000000000000000125e-03
2.947410000000000085e+00 -6.000000000000000125e-03
2.951220000000000176e+00 -6.000000000000000125e-03
2.970810000000000173e+00 -6.000000000000000125e-03
3.014079999999999870e+00 -6.000000000000000125e-03
3.085869999999999891e+00 -6.000000000000000125e-03
3.185509999999999842e+00 -6.000000000000000125e-03
3.305989999999999984e+00 -6.000000000000000125e-03
3.425980000000000025e+00 -6.000000000000000125e-03
3.493720000000000159e+00 -6.000000000000000125e-03
3.434369999999999923e+00 -6.000000000000000125e-03
3.521490000000000009e+00 -6.000000000000000125e-03
3.776470000000000216e+00 -6.000000000000000125e-03
4.108869999999999578e+00 -6.000000000000000125e-03
4.409010000000000318e+00 -6.000000000000000125e-03
4.613150000000000084e+00 -6.000000000000000125e-03
4.716310000000000002e+00 -6.000000000000000125e-03
4.741590000000000416e+00 -6.000000000000000125e-03
4.704670000000000130e+00 -6.000000000000000125e-03
4.612379999999999924e+00 -6.000000000000000125e-03
4.541610000000000369e+00 -6.000000000000000125e-03
4.494439999999999991e+00 -6.000000000000000125e-03
4.443139999999999645e+00 -6.000000000000000125e-03
4.371360000000000134e+00 -4.000000000000000083e-03
4.279659999999999798e+00 -4.000000000000000083e-03
4.188410000000000188e+00 -4.000000000000000083e-03
4.102940000000000254e+00 -4.000000000000000083e-03
4.023590000000000444e+00 -4.000000000000000083e-03
3.953850000000000087e+00 -4.000000000000000083e-03
3.890489999999999782e+00 -4.000000000000000083e-03
3.823760000000000048e+00 -4.000000000000000083e-03
3.749060000000000059e+00 -4.000000000000000083e-03
3.671370000000000022e+00 -4.000000000000000083e-03
3.595310000000000006e+00 -4.000000000000000083e-03
3.516230000000000189e+00 -4.000000000000000083e-03
3.462140000000000217e+00 -4.000000000000000083e-03
3.433910000000000018e+00 -4.000000000000000083e-03
3.414810000000000123e+00 -4.000000000000000083e-03
3.387100000000000222e+00 -4.000000000000000083e-03
3.349590000000000067e+00 -4.000000000000000083e-03
3.312320000000000153e+00 -4.000000000000000083e-03
3.283300000000000107e+00 -4.000000000000000083e-03
3.263310000000000155e+00 -4.000000000000000083e-03
3.252229999999999954e+00 -4.000000000000000083e-03
3.246039999999999814e+00 -4.000000000000000083e-03
3.232200000000000184e+00 -4.000000000000000083e-03
3.198630000000000084e+00 -4.000000000000000083e-03
3.153709999999999791e+00 -4.000000000000000083e-03
3.121989999999999821e+00 -4.000000000000000083e-03
3.109189999999999898e+00 -4.000000000000000083e-03
3.086409999999999876e+00 -4.000000000000000083e-03
3.019429999999999836e+00 -4.000000000000000083e-03
3.002670000000000172e+00 -4.000000000000000083e-03
2.996919999999999806e+00 -4.000000000000000083e-03
2.972319999999999851e+00 -4.000000000000000083e-03
2.940370000000000150e+00 -4.000000000000000083e-03
2.930759999999999810e+00 -4.000000000000000083e-03
2.944960000000000022e+00 -4.000000000000000083e-03
2.955719999999999903e+00 -4.000000000000000083e-03
2.944160000000000110e+00 -4.000000000000000083e-03
2.920729999999999826e+00 -4.000000000000000083e-03
2.902590000000000003e+00 -4.000000000000000083e-03
2.884329999999999838e+00 -4.000000000000000083e-03
2.846989999999999910e+00 -4.000000000000000083e-03
2.784240000000000048e+00 -4.000000000000000083e-03
2.733379999999999921e+00 -4.000000000000000083e-03
2.680530000000000079e+00 -4.000000000000000083e-03
2.621980000000000199e+00 -4.000000000000000083e-03
2.564220000000000166e+00 -4.000000000000000083e-03
2.508340000000000014e+00 -4.000000000000000083e-03
2.452669999999999906e+00 -4.000000000000000083e-03
2.404450000000000198e+00 -4.000000000000000083e-03
2.363739999999999952e+00 -4.000000000000000083e-03
2.319129999999999914e+00 -4.000000000000000083e-03
2.274509999999999810e+00 -4.000000000000000083e-03
2.242960000000000065e+00 -4.000000000000000083e-03
2.206929999999999836e+00 -4.000000000000000083e-03
2.165410000000000057e+00 -4.000000000000000083e-03
2.149410000000000043e+00 -4.000000000000000083e-03
2.150139999999999940e+00 -4.000000000000000083e-03
2.156080000000000219e+00 -4.000000000000000083e-03
2.157150000000000123e+00 -4.000000000000000083e-03
2.147759999999999891e+00 -4.000000000000000083e-03
2.130590000000000206e+00 -4.000000000000000083e-03
2.116490000000000204e+00 -4.000000000000000083e-03
2.115270000000000206e+00 -4.000000000000000083e-03
2.124680000000000124e+00 -4.000000000000000083e-03
2.133300000000000196e+00 -4.000000000000000083e-03
2.135419999999999874e+00 -4.000000000000000083e-03
2.133820000000000050e+00 -4.000000000000000083e-03
2.135930000000000106e+00 -4.000000000000000083e-03
2.146430000000000060e+00 -4.000000000000000083e-03
2.170339999999999936e+00 -4.000000000000000083e-03
2.219479999999999897e+00 -4.000000000000000083e-03
2.306459999999999955e+00 -4.000000000000000083e-03
2.428279999999999994e+00 -4.000000000000000083e-03
2.550559999999999938e+00 -4.000000000000000083e-03
2.613230000000000164e+00 -4.000000000000000083e-03
2.555200000000000138e+00 -4.000000000000000083e-03
2.645199999999999996e+00 -4.000000000000000083e-03
2.853050000000000086e+00 -4.000000000000000083e-03
3.104070000000000107e+00 -4.000000000000000083e-03
3.322690000000000143e+00 -4.000000000000000083e-03
3.471709999999999852e+00 -4.000000000000000083e-03
3.557409999999999961e+00 -4.000000000000000083e-03
3.601789999999999825e+00 -4.000000000000000083e-03
3.613070000000000004e+00 -4.000000000000000083e-03
3.586190000000000211e+00 -4.000000000000000083e-03
3.519550000000000178e+00 -4.000000000000000083e-03
3.455459999999999976e+00 -4.000000000000000083e-03
3.401569999999999983e+00 -4.000000000000000083e-03
3.345839999999999925e+00 -4.000000000000000083e-03
3.289239999999999942e+00 -4.000000000000000083e-03
3.240709999999999980e+00 -4.000000000000000083e-03
3.204889999999999795e+00 -4.000000000000000083e-03
3.177160000000000206e+00 -4.000000000000000083e-03
3.144890000000000185e+00 -4.000000000000000083e-03
3.096420000000000172e+00 -4.000000000000000083e-03
3.030720000000000081e+00 -4.000000000000000083e-03
2.969139999999999890e+00 -4.000000000000000083e-03
2.908329999999999860e+00 -4.000000000000000083e-03
2.845769999999999911e+00 -4.000000000000000083e-03
2.785099999999999909e+00 -4.000000000000000083e-03
2.730010000000000048e+00 -4.000000000000000083e-03
2.676740000000000119e+00 -4.000000000000000083e-03
2.618339999999999890e+00 -4.000000000000000083e-03
2.579050000000000065e+00 -4.000000000000000083e-03
2.555979999999999919e+00 -4.000000000000000083e-03
2.536480000000000068e+00 -4.000000000000000083e-03
2.511219999999999786e+00 -4.000000000000000083e-03
2.484309999999999796e+00 -4.000000000000000083e-03
2.472820000000000018e+00 -4.000000000000000083e-03
2.488339999999999996e+00 -4.000000000000000083e-03
2.521970000000000045e+00 -4.000000000000000083e-03
2.550060000000000215e+00 -4.000000000000000083e-03
2.558650000000000091e+00 -4.000000000000000083e-03
2.551210000000000200e+00 -4.000000000000000083e-03
2.534549999999999859e+00 -4.000000000000000083e-03
2.502899999999999903e+00 -4.000000000000000083e-03
2.450410000000000199e+00 -4.000000000000000083e-03
2.427599999999999980e+00 -4.000000000000000083e-03
2.414159999999999862e+00 -4.000000000000000083e-03
2.394789999999999974e+00 -4.000000000000000083e-03
2.375760000000000094e+00 -4.000000000000000083e-03
2.376189999999999802e+00 -4.000000000000000083e-03
2.400170000000000137e+00 -4.000000000000000083e-03
2.428440000000000154e+00 -4.000000000000000083e-03
2.438140000000000196e+00 -4.000000000000000083e-03
2.421879999999999811e+00 -4.000000000000000083e-03
2.387020000000000142e+00 -4.000000000000000083e-03
2.340359999999999996e+00 -4.000000000000000083e-03
2.296320000000000139e+00 -4.000000000000000083e-03
2.272660000000000124e+00 -4.000000000000000083e-03
2.266459999999999919e+00 -4.000000000000000083e-03
2.265550000000000175e+00 -4.000000000000000083e-03
2.253210000000000157e+00 -4.000000000000000083e-03
2.215759999999999952e+00 -4.000000000000000083e-03
2.183930000000000149e+00 -4.000000000000000083e-03
2.179129999999999789e+00 -4.000000000000000083e-03
2.190269999999999939e+00 -4.000000000000000083e-03
2.205799999999999983e+00 -4.000000000000000083e-03
2.217379999999999907e+00 -4.000000000000000083e-03
2.216600000000000126e+00 -4.000000000000000083e-03
2.196299999999999919e+00 -4.000000000000000083e-03
2.155559999999999921e+00 -4.000000000000000083e-03
2.115190000000000126e+00 -4.000000000000000083e-03
2.088210000000000122e+00 -4.000000000000000083e-03
2.076119999999999965e+00 -4.000000000000000083e-03
2.079009999999999803e+00 -4.000000000000000083e-03
2.090199999999999836e+00 -4.000000000000000083e-03
2.097049999999999859e+00 -4.000000000000000083e-03
2.093059999999999921e+00 -4.000000000000000083e-03
2.080909999999999815e+00 -4.000000000000000083e-03
2.066809999999999814e+00 -4.000000000000000083e-03
2.053110000000000213e+00 -4.000000000000000083e-03
2.040169999999999817e+00 -4.000000000000000083e-03
2.030219999999999914e+00 -4.000000000000000083e-03
2.023600000000000065e+00 -4.000000000000000083e-03
2.014499999999999957e+00 -4.000000000000000083e-03
1.995120000000000005e+00 -4.000000000000000083e-03
1.965610000000000079e+00 -4.000000000000000083e-03
1.937859999999999916e+00 -4.000000000000000083e-03
1.923319999999999919e+00 -4.000000000000000083e-03
1.925950000000000051e+00 -4.000000000000000083e-03
1.945840000000000014e+00 -4.000000000000000083e-03
1.986939999999999928e+00 -4.000000000000000083e-03
2.056449999999999889e+00 -4.000000000000000083e-03
2.151860000000000106e+00 -4.000000000000000083e-03
2.253969999999999807e+00 -4.000000000000000083e-03
2.324409999999999865e+00 -4.000000000000000083e-03
2.316980000000000040e+00 -4.000000000000000083e-03
2.334989999999999899e+00 -4.000000000000000083e-03
2.472989999999999799e+00 -4.000000000000000083e-03
2.688429999999999875e+00 -4.000000000000000083e-03
2.912080000000000002e+00 -4.000000000000000083e-03
3.088220000000000187e+00 -4.000000000000000083e-03
3.201459999999999972e+00 -4.000000000000000083e-03
3.266919999999999824e+00 -4.000000000000000083e-03
3.298369999999999802e+00 -4.000000000000000083e-03
3.295900000000000052e+00 -4.000000000000000083e-03
3.256240000000000023e+00 -4.000000000000000083e-03
3.185319999999999929e+00 -4.000000000000000083e-03
3.130220000000000002e+00 -4.000000000000000083e-03
3.084189999999999987e+00 -4.000000000000000083e-03
3.044010000000000105e+00 -4.000000000000000083e-03
3.008309999999999818e+00 -4.000000000000000083e-03
2.974540000000000184e+00 -4.000000000000000083e-03
2.940970000000000084e+00 -4.000000000000000083e-03
2.907109999999999861e+00 -4.000000000000000083e-03
2.870319999999999983e+00 -4.000000000000000083e-03
2.824910000000000032e+00 -4.000000000000000083e-03
2.764710000000000001e+00 -4.000000000000000083e-03
2.714830000000000076e+00 -4.000000000000000083e-03
2.674990000000000201e+00 -4.000000000000000083e-03
2.637640000000000207e+00 -4.000000000000000083e-03
2.597939999999999916e+00 -4.000000000000000083e-03
2.555009999999999781e+00 -4.000000000000000083e-03
2.508150000000000102e+00 -4.000000000000000083e-03
2.456780000000000186e+00 -4.000000000000000083e-03
2.403939999999999966e+00 -4.000000000000000083e-03
2.362010000000000165e+00 -4.000000000000000083e-03
2.333320000000000061e+00 -4.000000000000000083e-03
2.320419999999999927e+00 -4.000000000000000083e-03
2.325699999999999878e+00 -4.000000000000000083e-03
2.345639999999999947e+00 -4.000000000000000083e-03
2.369749999999999801e+00 -4.000000000000000083e-03
2.383500000000000174e+00 -4.000000000000000083e-03
2.377810000000000201e+00 -4.000000000000000083e-03
2.357709999999999972e+00 -4.000000000000000083e-03
2.333209999999999784e+00 -4.000000000000000083e-03
2.303500000000000103e+00 -4.000000000000000083e-03
2.256089999999999929e+00 -4.000000000000000083e-03
2.227629999999999999e+00 -4.000000000000000083e-03
2.216590000000000060e+00 -4.000000000000000083e-03
2.205299999999999816e+00 -4.000000000000000083e-03
2.188989999999999991e+00 -4.000000000000000083e-03
2.180379999999999985e+00 -4.000000000000000083e-03
2.188849999999999962e+00 -4.000000000000000083e-03
2.206539999999999946e+00 -4.000000000000000083e-03
2.213909999999999823e+00 -4.000000000000000083e-03
2.197919999999999874e+00 -4.000000000000000083e-03
2.158619999999999983e+00 -4.000000000000000083e-03
2.119660000000000100e+00 -4.000000000000000083e-03
2.099509999999999987e+00 -4.000000000000000083e-03
2.095000000000000195e+00 -4.000000000000000083e-03
2.097480000000000011e+00 -4.000000000000000083e-03
2.093550000000000022e+00 -4.000000000000000083e-03
2.069770000000000110e+00 -4.000000000000000083e-03
2.031280000000000197e+00 -4.000000000000000083e-03
2.028319999999999901e+00 -4.000000000000000083e-03
2.051239999999999952e+00 -4.000000000000000083e-03
2.080950000000000077e+00 -4.000000000000000083e-03
2.101100000000000190e+00 -4.000000000000000083e-03
2.107650000000000023e+00 -4.000000000000000083e-03
2.101919999999999789e+00 -4.000000000000000083e-03
2.077430000000000110e+00 -4.000000000000000083e-03
2.038209999999999855e+00 -4.000000000000000083e-03
2.033049999999999802e+00 -4.000000000000000083e-03
2.049459999999999837e+00 -4.000000000000000083e-03
2.069290000000000074e+00 -4.000000000000000083e-03
2.084400000000000031e+00 -4.000000000000000083e-03
2.096560000000000201e+00 -4.000000000000000083e-03
2.105809999999999960e+00 -4.000000000000000083e-03
2.108589999999999964e+00 -4.000000000000000083e-03
2.102279999999999927e+00 -4.000000000000000083e-03
2.092010000000000147e+00 -4.000000000000000083e-03
2.083979999999999944e+00 -4.000000000000000083e-03
2.079849999999999977e+00 -4.000000000000000083e-03
2.075309999999999988e+00 -4.000000000000000083e-03
2.064519999999999911e+00 -4.000000000000000083e-03
2.041900000000000048e+00 -4.000000000000000083e-03
2.004509999999999792e+00 -4.000000000000000083e-03
1.960599999999999898e+00 -4.000000000000000083e-03
1.918719999999999981e+00 -4.000000000000000083e-03
1.893080000000000096e+00 -4.000000000000000083e-03
1.885839999999999961e+00 -4.000000000000000083e-03
1.892460000000000031e+00 -4.000000000000000083e-03
1.912109999999999976e+00 -4.000000000000000083e-03
1.953340000000000076e+00 -4.000000000000000083e-03
2.025279999999999969e+00 -4.000000000000000083e-03
2.124979999999999869e+00 -4.000000000000000083e-03
2.233000000000000096e+00 -4.000000000000000083e-03
2.313889999999999780e+00 -4.000000000000000083e-03
2.324069999999999858e+00 -4.000000000000000083e-03
2.315150000000000041e+00 -4.000000000000000083e-03
2.419360000000000177e+00 -4.000000000000000083e-03
2.599740000000000162e+00 -4.000000000000000083e-03
2.795929999999999804e+00 -4.000000000000000083e-03
2.959420000000000162e+00 -4.000000000000000083e-03
3.076039999999999885e+00 -4.000000000000000083e-03
3.155969999999999942e+00 -4.000000000000000083e-03
3.207679999999999865e+00 -4.000000000000000083e-03
3.226830000000000087e+00 -4.000000000000000083e-03
3.204369999999999941e+00 -4.000000000000000083e-03
3.141000000000000014e+00 -4.000000000000000083e-03
3.092709999999999848e+00 -4.000000000000000083e-03
3.059600000000000097e+00 -4.000000000000000083e-03
3.031019999999999825e+00 -4.000000000000000083e-03
3.004539999999999988e+00 -4.000000000000000083e-03
2.984039999999999804e+00 -4.000000000000000083e-03
2.968609999999999971e+00 -4.000000000000000083e-03
2.950499999999999901e+00 -4.000000000000000083e-03
2.917910000000000004e+00 -4.000000000000000083e-03
2.866260000000000030e+00 -4.000000000000000083e-03
2.806299999999999795e+00 -4.000000000000000083e-03
2.758560000000000123e+00 -4.000000000000000083e-03
2.717789999999999928e+00 -4.000000000000000083e-03
2.680530000000000079e+00 -4.000000000000000083e-03
2.642490000000000006e+00 -4.000000000000000083e-03
2.602730000000000210e+00 -4.000000000000000083e-03
2.563299999999999912e+00 -4.000000000000000083e-03
2.524770000000000181e+00 -4.000000000000000083e-03
2.478680000000000216e+00 -4.000000000000000083e-03
2.432549999999999990e+00 -4.000000000000000083e-03
2.410140000000000171e+00 -4.000000000000000083e-03
2.399169999999999803e+00 -4.000000000000000083e-03
2.385889999999999844e+00 -4.000000000000000083e-03
2.367080000000000073e+00 -4.000000000000000083e-03
2.347669999999999924e+00 -4.000000000000000083e-03
2.329759999999999831e+00 -4.000000000000000083e-03
2.310620000000000118e+00 -4.000000000000000083e-03
2.288300000000000001e+00 -4.000000000000000083e-03
2.262169999999999792e+00 -4.000000000000000083e-03
2.227790000000000159e+00 -4.000000000000000083e-03
2.180489999999999817e+00 -4.000000000000000083e-03
2.156359999999999832e+00 -4.000000000000000083e-03
2.144219999999999793e+00 -4.000000000000000083e-03
2.129910000000000192e+00 -4.000000000000000083e-03
2.112560000000000215e+00 -4.000000000000000083e-03
2.104229999999999823e+00 -4.000000000000000083e-03
2.111619999999999830e+00 -4.000000000000000083e-03
2.128019999999999801e+00 -4.000000000000000083e-03
2.138599999999999834e+00 -4.000000000000000083e-03
2.135940000000000172e+00 -4.000000000000000083e-03
2.119580000000000020e+00 -4.000000000000000083e-03
2.088909999999999823e+00 -4.000000000000000083e-03
2.042120000000000157e+00 -4.000000000000000083e-03
2.014139999999999819e+00 -4.000000000000000083e-03
2.002190000000000136e+00 -4.000000000000000083e-03
2.000879999999999992e+00 -4.000000000000000083e-03
2.006019999999999914e+00 -4.000000000000000083e-03
2.007810000000000095e+00 -4.000000000000000083e-03
1.990690000000000071e+00 -4.000000000000000083e-03
1.951859999999999928e+00 -4.000000000000000083e-03
1.952269999999999950e+00 -4.000000000000000083e-03
1.984769999999999923e+00 -4.000000000000000083e-03
2.034370000000000012e+00 -4.000000000000000083e-03
2.080299999999999816e+00 -4.000000000000000083e-03
2.104649999999999910e+00 -4.000000000000000083e-03
2.099540000000000184e+00 -4.000000000000000083e-03
2.070879999999999832e+00 -4.000000000000000083e-03
2.028119999999999923e+00 -4.000000000000000083e-03
1.995249999999999968e+00 -4.000000000000000083e-03
1.987889999999999935e+00 -4.000000000000000083e-03
2.005830000000000002e+00 -4.000000000000000083e-03
2.031930000000000014e+00 -4.000000000000000083e-03
2.047289999999999832e+00 -4.000000000000000083e-03
2.050359999999999960e+00 -4.000000000000000083e-03
2.053259999999999863e+00 -4.000000000000000083e-03
2.061910000000000132e+00 -4.000000000000000083e-03
2.066710000000000047e+00 -4.000000000000000083e-03
2.056090000000000195e+00 -4.000000000000000083e-03
2.032140000000000057e+00 -4.000000000000000083e-03
2.004919999999999813e+00 -4.000000000000000083e-03
1.977880000000000082e+00 -4.000000000000000083e-03
1.943519999999999914e+00 -4.000000000000000083e-03
1.903100000000000014e+00 -4.000000000000000083e-03
1.868330000000000046e+00 -4.000000000000000083e-03
1.829059999999999908e+00 -4.000000000000000083e-03
1.808049999999999935e+00 -4.000000000000000083e-03
1.799549999999999983e+00 -4.000000000000000083e-03
1.797099999999999920e+00 -4.000000000000000083e-03
1.802540000000000031e+00 -4.000000000000000083e-03
1.827839999999999909e+00 -4.000000000000000083e-03
1.884710000000000107e+00 -4.000000000000000083e-03
1.974439999999999973e+00 -4.000000000000000083e-03
2.082629999999999981e+00 -4.000000000000000083e-03
2.184289999999999843e+00 -4.000000000000000083e-03
2.248860000000000081e+00 -4.000000000000000083e-03
2.249509999999999899e+00 -4.000000000000000083e-03
2.229119999999999990e+00 -4.000000000000000083e-03
2.292159999999999975e+00 -4.000000000000000083e-03
2.418569999999999887e+00 -4.000000000000000083e-03
2.569420000000000037e+00 -4.000000000000000083e-03
2.703240000000000087e+00 -4.000000000000000083e-03
2.794109999999999872e+00 -4.000000000000000083e-03
2.842420000000000169e+00 -4.000000000000000083e-03
2.862839999999999829e+00 -4.000000000000000083e-03
2.863360000000000127e+00 -4.000000000000000083e-03
2.838060000000000027e+00 -4.000000000000000083e-03
2.779720000000000191e+00 -4.000000000000000083e-03
2.740559999999999885e+00 -4.000000000000000083e-03
2.714869999999999894e+00 -4.000000000000000083e-03
2.691829999999999945e+00 -4.000000000000000083e-03
2.674630000000000063e+00 -4.000000000000000083e-03
2.669309999999999850e+00 -4.000000000000000083e-03
2.669989999999999863e+00 -4.000000000000000083e-03
2.658469999999999889e+00 -4.000000000000000083e-03
2.620969999999999800e+00 -4.000000000000000083e-03
2.563309999999999977e+00 -4.000000000000000083e-03
2.515769999999999840e+00 -4.000000000000000083e-03
2.472589999999999844e+00 -4.000000000000000083e-03
2.439690000000000136e+00 -4.000000000000000083e-03
2.423439999999999817e+00 -4.000000000000000083e-03
2.415900000000000158e+00 -4.000000000000000083e-03
2.397489999999999899e+00 -4.000000000000000083e-03
2.355850000000000222e+00 -4.000000000000000083e-03
2.306160000000000210e+00 -4.000000000000000083e-03
2.255020000000000024e+00 -4.000000000000000083e-03
2.215539999999999843e+00 -4.000000000000000083e-03
2.177950000000000053e+00 -4.000000000000000083e-03
2.132789999999999964e+00 -4.000000000000000083e-03
2.111769999999999925e+00 -4.000000000000000083e-03
2.105469999999999953e+00 -4.000000000000000083e-03
2.099250000000000060e+00 -4.000000000000000083e-03
2.085350000000000037e+00 -4.000000000000000083e-03
2.066980000000000040e+00 -4.000000000000000083e-03
2.049020000000000064e+00 -4.000000000000000083e-03
2.029889999999999972e+00 -4.000000000000000083e-03
1.999630000000000019e+00 -4.000000000000000083e-03
1.961090000000000000e+00 -4.000000000000000083e-03
1.943419999999999925e+00 -4.000000000000000083e-03
1.931939999999999991e+00 -4.000000000000000083e-03
1.911270000000000024e+00 -4.000000000000000083e-03
1.881010000000000071e+00 -4.000000000000000083e-03
1.855699999999999905e+00 -4.000000000000000083e-03
1.849269999999999969e+00 -4.000000000000000083e-03
1.860479999999999912e+00 -4.000000000000000083e-03
1.873399999999999954e+00 -4.000000000000000083e-03
1.875119999999999898e+00 -4.000000000000000083e-03
1.861930000000000085e+00 -4.000000000000000083e-03
1.838659999999999961e+00 -4.000000000000000083e-03
1.805800000000000072e+00 -4.000000000000000083e-03
1.769490000000000007e+00 -4.000000000000000083e-03
1.746089999999999920e+00 -4.000000000000000083e-03
1.730120000000000102e+00 -4.000000000000000083e-03
1.715479999999999894e+00 -4.000000000000000083e-03
1.700690000000000035e+00 -4.000000000000000083e-03
1.682539999999999925e+00 -4.000000000000000083e-03
1.652709999999999901e+00 -4.000000000000000083e-03
1.629890000000000061e+00 -4.000000000000000083e-03
1.632230000000000070e+00 -4.000000000000000083e-03
1.652470000000000105e+00 -4.000000000000000083e-03
1.681130000000000013e+00 -4.000000000000000083e-03
1.716040000000000010e+00 -4.000000000000000083e-03
1.758029999999999982e+00 -4.000000000000000083e-03
1.800629999999999953e+00 -4.000000000000000083e-03
1.828149999999999942e+00 -4.000000000000000083e-03
1.823930000000000051e+00 -4.000000000000000083e-03
1.783509999999999929e+00 -4.000000000000000083e-03
1.772489999999999899e+00 -4.000000000000000083e-03
1.776890000000000081e+00 -4.000000000000000083e-03
1.787029999999999896e+00 -4.000000000000000083e-03
1.798999999999999932e+00 -4.000000000000000083e-03
1.811269999999999936e+00 -4.000000000000000083e-03
1.822689999999999921e+00 -4.000000000000000083e-03
1.832340000000000080e+00 -4.000000000000000083e-03
1.838540000000000063e+00 -4.000000000000000083e-03
1.839450000000000029e+00 -4.000000000000000083e-03
1.832310000000000105e+00 -4.000000000000000083e-03
1.814459999999999962e+00 -4.000000000000000083e-03
1.786289999999999933e+00 -4.000000000000000083e-03
1.754219999999999891e+00 -4.000000000000000083e-03
1.724800000000000111e+00 -4.000000000000000083e-03
1.701959999999999917e+00 -4.000000000000000083e-03
1.684269999999999934e+00 -4.000000000000000083e-03
1.670199999999999907e+00 -4.000000000000000083e-03
1.659529999999999950e+00 -4.000000000000000083e-03
1.654959999999999987e+00 -4.000000000000000083e-03
1.660409999999999942e+00 -4.000000000000000083e-03
1.678430000000000089e+00 -4.000000000000000083e-03
1.709140000000000104e+00 -4.000000000000000083e-03
1.752359999999999918e+00 -4.000000000000000083e-03
1.805579999999999963e+00 -4.000000000000000083e-03
1.865560000000000107e+00 -4.000000000000000083e-03
1.927829999999999933e+00 -4.000000000000000083e-03
1.988240000000000007e+00 -4.000000000000000083e-03
2.040430000000000188e+00 -4.000000000000000083e-03
2.070370000000000044e+00 -4.000000000000000083e-03
2.056550000000000100e+00 -4.000000000000000083e-03
2.043559999999999821e+00 -4.000000000000000083e-03
2.103460000000000107e+00 -4.000000000000000083e-03
2.219310000000000116e+00 -4.000000000000000083e-03
2.356250000000000178e+00 -4.000000000000000083e-03
2.478060000000000151e+00 -4.000000000000000083e-03
2.561280000000000001e+00 -4.000000000000000083e-03
2.601230000000000153e+00 -4.000000000000000083e-03
2.606450000000000156e+00 -4.000000000000000083e-03
2.591730000000000089e+00 -4.000000000000000083e-03
2.567790000000000017e+00 -4.000000000000000083e-03
2.537030000000000118e+00 -4.000000000000000083e-03
2.493339999999999890e+00 -4.000000000000000083e-03
2.443760000000000154e+00 -4.000000000000000083e-03
2.413720000000000088e+00 -4.000000000000000083e-03
2.393730000000000135e+00 -4.000000000000000083e-03
2.374789999999999957e+00 -4.000000000000000083e-03
2.355729999999999880e+00 -4.000000000000000083e-03
2.337600000000000122e+00 -4.000000000000000083e-03
2.315189999999999859e+00 -4.000000000000000083e-03
2.274290000000000145e+00 -4.000000000000000083e-03
2.243279999999999941e+00 -4.000000000000000083e-03
2.240289999999999893e+00 -4.000000000000000083e-03
2.246360000000000134e+00 -4.000000000000000083e-03
2.242269999999999985e+00 -4.000000000000000083e-03
2.223030000000000062e+00 -4.000000000000000083e-03
2.196349999999999802e+00 -4.000000000000000083e-03
2.168649999999999967e+00 -4.000000000000000083e-03
2.138970000000000038e+00 -4.000000000000000083e-03
2.101010000000000044e+00 -4.000000000000000083e-03
2.055499999999999883e+00 -4.000000000000000083e-03
2.022549999999999848e+00 -4.000000000000000083e-03
2.002429999999999932e+00 -4.000000000000000083e-03
1.994350000000000067e+00 -4.000000000000000083e-03
1.991719999999999935e+00 -4.000000000000000083e-03
1.983319999999999972e+00 -4.000000000000000083e-03
1.963600000000000012e+00 -4.000000000000000083e-03
1.939510000000000067e+00 -4.000000000000000083e-03
1.922879999999999923e+00 -4.000000000000000083e-03
1.916539999999999910e+00 -4.000000000000000083e-03
1.908840000000000092e+00 -4.000000000000000083e-03
1.883369999999999989e+00 -4.000000000000000083e-03
1.847979999999999956e+00 -4.000000000000000083e-03
1.830230000000000024e+00 -4.000000000000000083e-03
1.819679999999999964e+00 -4.000000000000000083e-03
1.809940000000000104e+00 -4.000000000000000083e-03
1.799309999999999965e+00 -4.000000000000000083e-03
1.786859999999999893e+00 -4.000000000000000083e-03
1.772559999999999913e+00 -4.000000000000000083e-03
1.759139999999999926e+00 -4.000000000000000083e-03
1.746490000000000098e+00 -4.000000000000000083e-03
1.729459999999999997e+00 -4.000000000000000083e-03
1.700639999999999930e+00 -4.000000000000000083e-03
1.666679999999999939e+00 -4.000000000000000083e-03
1.641420000000000101e+00 -4.000000000000000083e-03
1.620409999999999906e+00 -4.000000000000000083e-03
1.604030000000000067e+00 -4.000000000000000083e-03
1.592300000000000049e+00 -4.000000000000000083e-03
1.576510000000000078e+00 -4.000000000000000083e-03
1.543860000000000010e+00 -4.000000000000000083e-03
1.526659999999999906e+00 -4.000000000000000083e-03
1.518669999999999964e+00 -4.000000000000000083e-03
1.509910000000000085e+00 -4.000000000000000083e-03
1.504440000000000000e+00 -4.000000000000000083e-03
1.516469999999999985e+00 -4.000000000000000083e-03
1.550340000000000051e+00 -4.000000000000000083e-03
1.590750000000000108e+00 -4.000000000000000083e-03
1.617690000000000072e+00 -4.000000000000000083e-03
1.622959999999999958e+00 -4.000000000000000083e-03
1.610789999999999944e+00 -4.000000000000000083e-03
1.588300000000000045e+00 -4.000000000000000083e-03
1.555919999999999970e+00 -4.000000000000000083e-03
1.530070000000000041e+00 -4.000000000000000083e-03
1.514059999999999961e+00 -4.000000000000000083e-03
1.504399999999999959e+00 -4.000000000000000083e-03
1.500559999999999894e+00 -4.000000000000000083e-03
1.506960000000000077e+00 -4.000000000000000083e-03
1.523590000000000000e+00 -4.000000000000000083e-03
1.544159999999999977e+00 -4.000000000000000083e-03
1.562089999999999979e+00 -4.000000000000000083e-03
1.574940000000000007e+00 -4.000000000000000083e-03
1.583280000000000021e+00 -4.000000000000000083e-03
1.585609999999999964e+00 -4.000000000000000083e-03
1.577970000000000095e+00 -4.000000000000000083e-03
1.560980000000000034e+00 -4.000000000000000083e-03
1.542769999999999975e+00 -4.000000000000000083e-03
1.530329999999999968e+00 -4.000000000000000083e-03
1.520119999999999916e+00 -4.000000000000000083e-03
1.502410000000000023e+00 -4.000000000000000083e-03
1.471840000000000037e+00 -4.000000000000000083e-03
1.439869999999999983e+00 -4.000000000000000083e-03
1.418619999999999992e+00 -4.000000000000000083e-03
1.422039999999999971e+00 -4.000000000000000083e-03
1.446430000000000105e+00 -4.000000000000000083e-03
1.479179999999999939e+00 -4.000000000000000083e-03
1.509169999999999900e+00 -4.000000000000000083e-03
1.533130000000000104e+00 -4.000000000000000083e-03
1.553469999999999906e+00 -4.000000000000000083e-03
1.573839999999999906e+00 -4.000000000000000083e-03
1.596400000000000041e+00 -4.000000000000000083e-03
1.621119999999999894e+00 -4.000000000000000083e-03
1.641489999999999894e+00 -4.000000000000000083e-03
1.640519999999999978e+00 -4.000000000000000083e-03
1.612239999999999895e+00 -4.000000000000000083e-03
1.643839999999999968e+00 -4.000000000000000083e-03
1.729070000000000107e+00 -4.000000000000000083e-03
1.842219999999999969e+00 -4.000000000000000083e-03
1.953000000000000069e+00 -4.000000000000000083e-03
2.039000000000000146e+00 -4.000000000000000083e-03
2.091709999999999958e+00 -4.000000000000000083e-03
2.113129999999999953e+00 -4.000000000000000083e-03
2.111000000000000210e+00 -4.000000000000000083e-03
2.094739999999999824e+00 -4.000000000000000083e-03
2.070870000000000211e+00 -4.000000000000000083e-03
2.038139999999999841e+00 -4.000000000000000083e-03
1.995069999999999899e+00 -4.000000000000000083e-03
1.973500000000000032e+00 -4.000000000000000083e-03
1.967589999999999950e+00 -4.000000000000000083e-03
1.966120000000000090e+00 -4.000000000000000083e-03
1.959859999999999935e+00 -4.000000000000000083e-03
1.946430000000000105e+00 -4.000000000000000083e-03
1.926449999999999996e+00 -4.000000000000000083e-03
1.900090000000000057e+00 -4.000000000000000083e-03
1.866929999999999978e+00 -4.000000000000000083e-03
1.827739999999999920e+00 -4.000000000000000083e-03
1.791039999999999965e+00 -4.000000000000000083e-03
1.763419999999999987e+00 -4.000000000000000083e-03
1.723880000000000079e+00 -4.000000000000000083e-03
1.685230000000000006e+00 -4.000000000000000083e-03
1.647450000000000081e+00 -4.000000000000000083e-03
1.610510000000000108e+00 -4.000000000000000083e-03
1.574410000000000087e+00 -4.000000000000000083e-03
1.539109999999999978e+00 -4.000000000000000083e-03
1.504599999999999937e+00 -4.000000000000000083e-03
1.470860000000000056e+00 -4.000000000000000083e-03
1.437889999999999890e+00 -4.000000000000000083e-03
1.405650000000000066e+00 -4.000000000000000083e-03
1.374130000000000074e+00 -4.000000000000000083e-03
1.343320000000000070e+00 -4.000000000000000083e-03
1.313209999999999988e+00 -4.000000000000000083e-03
1.283760000000000012e+00 -4.000000000000000083e-03
1.254979999999999984e+00 -4.000000000000000083e-03
1.226839999999999931e+00 -4.000000000000000083e-03
1.199340000000000073e+00 -4.000000000000000083e-03
1.172449999999999992e+00 -4.000000000000000083e-03
1.146160000000000068e+00 -4.000000000000000083e-03
1.120460000000000012e+00 -4.000000000000000083e-03
1.095339999999999980e+00 -4.000000000000000083e-03
1.070780000000000065e+00 -4.000000000000000083e-03
1.046780000000000044e+00 -4.000000000000000083e-03
1.023309999999999942e+00 -4.000000000000000083e-03
1.000359999999999916e+00 -4.000000000000000083e-03
9.779339999999999700e-01 -4.000000000000000083e-03
9.560079999999999689e-01 -4.000000000000000083e-03
9.345740000000000158e-01 -4.000000000000000083e-03
9.136199999999999877e-01 -4.000000000000000083e-03
8.931360000000000410e-01 -4.000000000000000083e-03
8.731119999999999992e-01 -4.000000000000000083e-03
8.535359999999999614e-01 -4.000000000000000083e-03
8.343990000000000018e-01 -4.000000000000000083e-03
8.156919999999999726e-01 -4.000000000000000083e-03
7.974029999999999729e-01 -4.000000000000000083e-03
7.795250000000000234e-01 -4.000000000000000083e-03
7.620479999999999476e-01 -4.000000000000000083e-03
7.449620000000000131e-01 -4.000000000000000083e-03
7.282600000000000184e-01 -4.000000000000000083e-03
7.119320000000000093e-01 -4.000000000000000083e-03
6.959699999999999775e-01 -4.000000000000000083e-03
6.803660000000000263e-01 -4.000000000000000083e-03
6.651120000000000365e-01 -4.000000000000000083e-03
6.501989999999999714e-01 -4.000000000000000083e-03
6.356209999999999916e-01 -4.000000000000000083e-03
6.213699999999999779e-01 -4.000000000000000083e-03
6.074389999999999512e-01 -4.000000000000000083e-03
5.938200000000000145e-01 -4.000000000000000083e-03
5.805059999999999665e-01 -4.000000000000000083e-03
5.674909999999999677e-01 -4.000000000000000083e-03
5.547670000000000101e-01 -4.000000000000000083e-03
5.423289999999999500e-01 -4.000000000000000083e-03
5.301700000000000301e-01 -4.000000000000000083e-03
5.182830000000000492e-01 -4.000000000000000083e-03
5.066629999999999745e-01 -4.000000000000000083e-03
4.953029999999999933e-01 -6.000000000000000125e-03
4.841980000000000173e-01 -6.000000000000000125e-03
4.733419999999999850e-01 -6.000000000000000125e-03
4.627299999999999747e-01 -6.000000000000000125e-03
4.523550000000000071e-01 -6.000000000000000125e-03
4.422130000000000227e-01 -6.000000000000000125e-03
4.322980000000000156e-01 -6.000000000000000125e-03
4.226059999999999817e-01 -6.000000000000000125e-03
4.131310000000000260e-01 -6.000000000000000125e-03
4.038680000000000048e-01 -6.000000000000000125e-03
3.948130000000000250e-01 -6.000000000000000125e-03
3.859609999999999985e-01 -6.000000000000000125e-03
3.773079999999999767e-01 -6.000000000000000125e-03
3.688480000000000092e-01 -6.000000000000000125e-03
3.605789999999999829e-01 -6.000000000000000125e-03
3.524939999999999740e-01 -6.000000000000000125e-03
3.445909999999999807e-01 -6.000000000000000125e-03
3.368650000000000255e-01 -6.000000000000000125e-03
3.293119999999999936e-01 -6.000000000000000125e-03
3.219290000000000207e-01 -6.000000000000000125e-03
3.147110000000000185e-01 -6.000000000000000125e-03
3.076550000000000118e-01 -6.000000000000000125e-03
3.007569999999999966e-01 -6.000000000000000125e-03
2.940139999999999976e-01 -6.000000000000000125e-03
2.874220000000000108e-01 -6.000000000000000125e-03
2.809780000000000055e-01 -6.000000000000000125e-03
2.746779999999999777e-01 -6.000000000000000125e-03
2.685199999999999809e-01 -6.000000000000000125e-03
2.625000000000000111e-01 -6.000000000000000125e-03
2.566140000000000088e-01 -6.000000000000000125e-03
2.508610000000000007e-01 -6.000000000000000125e-03
2.452360000000000095e-01 -6.000000000000000125e-03
2.397380000000000067e-01 -6.000000000000000125e-03
2.343629999999999880e-01 -6.000000000000000125e-03
2.291080000000000061e-01 -6.000000000000000125e-03
2.239720000000000044e-01 -6.000000000000000125e-03
2.189500000000000057e-01 -6.000000000000000125e-03
2.140410000000000090e-01 -6.000000000000000125e-03
2.092420000000000113e-01 -6.000000000000000125e-03
2.045510000000000106e-01 -6.000000000000000125e-03
1.999650000000000039e-01 -6.000000000000000125e-03
1.954809999999999881e-01 -6.000000000000000125e-03
1.910989999999999911e-01 -6.000000000000000125e-03
1.868140000000000078e-01 -6.000000000000000125e-03
1.826260000000000105e-01 -6.000000000000000125e-03
1.785309999999999953e-01 -6.000000000000000125e-03
1.745279999999999887e-01 -6.000000000000000125e-03
1.706149999999999889e-01 -6.000000000000000125e-03
1.667899999999999938e-01 -6.000000000000000125e-03
1.630500000000000005e-01 -6.000000000000000125e-03
1.593950000000000089e-01 -6.000000000000000125e-03
1.558209999999999873e-01 -6.000000000000000125e-03
1.523269999999999902e-01 -6.000000000000000125e-03
1.489119999999999888e-01 -6.000000000000000125e-03
1.455730000000000079e-01 -6.000000000000000125e-03
1.423099999999999921e-01 -6.000000000000000125e-03
1.391189999999999927e-01 -6.000000000000000125e-03
1.360000000000000098e-01 -6.000000000000000125e-03
1.329510000000000136e-01 -8.000000000000000167e-03
1.299700000000000022e-01 -8.000000000000000167e-03
1.270560000000000023e-01 -8.000000000000000167e-03
1.242069999999999980e-01 -8.000000000000000167e-03
1.214220000000000022e-01 -8.000000000000000167e-03
1.187000000000000000e-01 -8.000000000000000167e-03
1.160390000000000033e-01 -8.000000000000000167e-03
1.134369999999999962e-01 -8.000000000000000167e-03
1.108940000000000065e-01 -8.000000000000000167e-03
1.084070000000000034e-01 -8.000000000000000167e-03
1.059770000000000018e-01 -8.000000000000000167e-03
1.036009999999999986e-01 -8.000000000000000167e-03
1.012780000000000069e-01 -8.000000000000000167e-03
9.900720000000000354e-02 -8.000000000000000167e-03
9.678739999999999566e-02 -8.000000000000000167e-03
9.461740000000000428e-02 -8.000000000000000167e-03
9.249599999999999489e-02 -8.000000000000000167e-03
9.042219999999999425e-02 -8.000000000000000167e-03
8.839489999999999847e-02 -8.000000000000000167e-03
8.641300000000000370e-02 -8.000000000000000167e-03
8.447559999999999791e-02 -8.000000000000000167e-03
8.258160000000000500e-02 -8.000000000000000167e-03
8.073009999999999908e-02 -8.000000000000000167e-03
7.892010000000000691e-02 -8.000000000000000167e-03
7.715059999999999973e-02 -8.000000000000000167e-03
7.542089999999999905e-02 -8.000000000000000167e-03
7.372990000000000099e-02 -1.000000000000000021e-02
7.207679999999999643e-02 -1.000000000000000021e-02
7.046080000000000398e-02 -1.000000000000000021e-02
6.888099999999999778e-02 -1.000000000000000021e-02
6.733669999999999933e-02 -1.000000000000000021e-02
6.582699999999999663e-02 -1.000000000000000021e-02
6.435109999999999442e-02 -1.000000000000000021e-02
6.290830000000000033e-02 -1.000000000000000021e-02
6.149790000000000117e-02 -1.000000000000000021e-02
6.011899999999999883e-02 -1.200000000000000025e-02
5.877109999999999973e-02 -1.200000000000000025e-02
5.745349999999999763e-02 -1.200000000000000025e-02
5.616530000000000133e-02 -1.200000000000000025e-02
5.490609999999999935e-02 -1.200000000000000025e-02
5.367500000000000049e-02 -1.200000000000000025e-02
5.247160000000000019e-02 -1.200000000000000025e-02
5.129519999999999913e-02 -1.200000000000000025e-02
5.014509999999999801e-02 -1.200000000000000025e-02
4.902080000000000326e-02 -1.200000000000000025e-02
4.792169999999999763e-02 -1.200000000000000025e-02
4.684730000000000144e-02 -1.200000000000000025e-02
4.579699999999999743e-02 -1.200000000000000025e-02
4.477020000000000305e-02 -1.200000000000000025e-02
4.376639999999999697e-02 -1.200000000000000025e-02
4.278509999999999952e-02 -1.200000000000000025e-02
4.182589999999999919e-02 -1.200000000000000025e-02
4.088809999999999667e-02 -1.200000000000000025e-02
3.997139999999999721e-02 -1.400000000000000029e-02
3.907519999999999744e-02 -1.400000000000000029e-02
3.819909999999999972e-02 -1.400000000000000029e-02
3.734269999999999951e-02 -1.400000000000000029e-02
3.650540000000000035e-02 -1.400000000000000029e-02
3.568690000000000057e-02 -1.400000000000000029e-02
3.488680000000000253e-02 -1.400000000000000029e-02
3.410459999999999881e-02 -1.400000000000000029e-02
3.334000000000000158e-02 -1.400000000000000029e-02
3.259250000000000341e-02 -1.400000000000000029e-02
3.186169999999999974e-02 -1.600000000000000033e-02
3.114739999999999870e-02 -1.600000000000000033e-02
3.044900000000000037e-02 -1.600000000000000033e-02
2.976639999999999842e-02 -1.600000000000000033e-02
2.909899999999999987e-02 -1.600000000000000033e-02
2.844659999999999897e-02 -1.600000000000000033e-02
2.780880000000000157e-02 -1.600000000000000033e-02
2.718529999999999905e-02 -1.600000000000000033e-02
2.657580000000000012e-02 -1.799999999999999864e-02
2.597990000000000022e-02 -1.799999999999999864e-02
2.539740000000000053e-02 -2.000000000000000042e-02
2.482799999999999938e-02 -2.000000000000000042e-02
2.427139999999999853e-02 -2.000000000000000042e-02
2.372720000000000037e-02 -2.199999999999999872e-02
2.319519999999999915e-02 -2.199999999999999872e-02
2.267519999999999952e-02 -2.400000000000000050e-02
2.216680000000000039e-02 -2.400000000000000050e-02
2.166979999999999948e-02 -2.599999999999999881e-02
2.118389999999999856e-02 -2.599999999999999881e-02
2.070900000000000171e-02 -2.800000000000000058e-02
2.024470000000000089e-02 -2.800000000000000058e-02
1.979080000000000075e-02 -2.800000000000000058e-02
1.934699999999999961e-02 -2.999999999999999889e-02
1.891330000000000094e-02 -2.999999999999999889e-02
1.848920000000000077e-02 -2.999999999999999889e-02
1.807469999999999910e-02 -3.200000000000000067e-02
1.766939999999999830e-02 -3.200000000000000067e-02
1.727329999999999838e-02 -3.400000000000000244e-02
1.688600000000000170e-02 -3.400000000000000244e-02
1.650739999999999846e-02 -3.599999999999999728e-02
1.613730000000000026e-02 -3.599999999999999728e-02
1.577550000000000133e-02 -3.599999999999999728e-02
1.542179999999999940e-02 -3.799999999999999906e-02
1.507600000000000086e-02 -3.799999999999999906e-02
1.473799999999999936e-02 -3.799999999999999906e-02
1.440759999999999957e-02 -3.799999999999999906e-02
1.408459999999999920e-02 -4.000000000000000083e-02
1.376879999999999944e-02 -4.000000000000000083e-02
1.346009999999999915e-02 -4.000000000000000083e-02
1.315829999999999951e-02 -4.000000000000000083e-02
1.286329999999999939e-02 -4.000000000000000083e-02
1.257489999999999997e-02 -4.000000000000000083e-02
1.229290000000000070e-02 -4.000000000000000083e-02
1.201729999999999986e-02 -4.200000000000000261e-02
1.174790000000000036e-02 -4.200000000000000261e-02
1.148449999999999992e-02 -4.200000000000000261e-02
1.122699999999999913e-02 -4.200000000000000261e-02
1.097530000000000033e-02 -4.399999999999999745e-02
1.072919999999999950e-02 -4.399999999999999745e-02
1.048870000000000011e-02 -4.399999999999999745e-02
1.025350000000000046e-02 -4.599999999999999922e-02
1.002360000000000056e-02 -4.599999999999999922e-02
9.798879999999999396e-03 -4.599999999999999922e-02
9.579179999999999640e-03 -4.800000000000000100e-02
9.364410000000000095e-03 -4.800000000000000100e-02
9.154449999999999740e-03 -5.000000000000000278e-02
8.949210000000000845e-03 -5.000000000000000278e-02
8.748560000000000711e-03 -5.000000000000000278e-02
8.552409999999999873e-03 -5.199999999999999761e-02
8.360660000000000661e-03 -5.199999999999999761e-02
8.173210000000000197e-03 -5.199999999999999761e-02
7.989960000000000812e-03 -5.399999999999999939e-02
7.810819999999999569e-03 -5.399999999999999939e-02
7.635699999999999606e-03 -5.399999999999999939e-02
7.464499999999999781e-03 -5.399999999999999939e-02
7.297139999999999703e-03 -5.399999999999999939e-02
7.133539999999999846e-03 -5.399999999999999939e-02
6.973599999999999938e-03 -5.399999999999999939e-02
6.817250000000000393e-03 -5.600000000000000117e-02
6.664400000000000011e-03 -5.600000000000000117e-02
6.514980000000000077e-03 -5.600000000000000117e-02
6.368910000000000196e-03 -5.800000000000000294e-02
6.226119999999999918e-03 -5.800000000000000294e-02
6.086519999999999778e-03 -5.800000000000000294e-02
5.950060000000000071e-03 -5.999999999999999778e-02
5.816660000000000406e-03 -5.999999999999999778e-02
5.686240000000000391e-03 -6.199999999999999956e-02
5.558760000000000263e-03 -6.199999999999999956e-02
5.434119999999999749e-03 -6.400000000000000133e-02
5.312289999999999894e-03 -6.400000000000000133e-02
5.193180000000000365e-03 -6.600000000000000311e-02
5.076749999999999666e-03 -6.800000000000000488e-02
4.962929999999999946e-03 -6.800000000000000488e-02
4.851649999999999886e-03 -7.000000000000000666e-02
4.742879999999999666e-03 -7.199999999999999456e-02
4.636539999999999759e-03 -7.399999999999999634e-02
4.532590000000000403e-03 -7.599999999999999811e-02
4.430960000000000280e-03 -7.799999999999999989e-02
4.331619999999999568e-03 -7.799999999999999989e-02
4.234500000000000416e-03 -8.000000000000000167e-02
4.139559999999999594e-03 -8.000000000000000167e-02
4.046750000000000000e-03 -8.200000000000000344e-02
3.956020000000000196e-03 -8.400000000000000522e-02
3.867320000000000046e-03 -8.599999999999999312e-02
3.780620000000000161e-03 -8.799999999999999489e-02
3.695850000000000090e-03 -9.199999999999999845e-02
3.612989999999999952e-03 -9.400000000000000022e-02
3.531980000000000102e-03 -9.600000000000000200e-02
3.452789999999999852e-03 -1.000000000000000056e-01
3.375379999999999873e-03 -1.039999999999999952e-01
3.299700000000000029e-03 -1.079999999999999988e-01
3.225720000000000063e-03 -1.120000000000000023e-01
3.153400000000000213e-03 -1.160000000000000059e-01
3.082699999999999850e-03 -1.219999999999999973e-01
3.013580000000000078e-03 -1.260000000000000009e-01
2.946020000000000149e-03 -1.320000000000000062e-01
2.879959999999999985e-03 -1.400000000000000133e-01
2.815390000000000080e-03 -1.380000000000000115e-01
2.752269999999999803e-03 -1.380000000000000115e-01
2.690559999999999827e-03 -1.380000000000000115e-01
2.630239999999999835e-03 -1.380000000000000115e-01
2.571270000000000066e-03 -1.380000000000000115e-01
2.513619999999999830e-03 -1.360000000000000098e-01
2.457260000000000173e-03 -1.380000000000000115e-01
2.402169999999999913e-03 -1.380000000000000115e-01
2.348310000000000154e-03 -1.360000000000000098e-01
2.295660000000000148e-03 -1.360000000000000098e-01
2.244190000000000074e-03 -1.340000000000000080e-01
2.193870000000000108e-03 -1.320000000000000062e-01
2.144689999999999878e-03 -1.320000000000000062e-01
2.096600000000000113e-03 -1.300000000000000044e-01
2.049590000000000006e-03 -1.300000000000000044e-01
2.003640000000000108e-03 -1.280000000000000027e-01
1.958720000000000166e-03 -1.280000000000000027e-01
1.914799999999999922e-03 -1.239999999999999991e-01
1.871870000000000088e-03 -1.199999999999999956e-01
1.829899999999999973e-03 -1.179999999999999938e-01
1.788880000000000071e-03 -1.120000000000000023e-01
1.748769999999999969e-03 -1.079999999999999988e-01
1.709559999999999943e-03 -1.019999999999999934e-01
1.671229999999999894e-03 -9.600000000000000200e-02
1.633759999999999943e-03 -8.799999999999999489e-02
1.597129999999999991e-03 1.499999999999999944e-01
1.561319999999999939e-03 1.499999999999999944e-01
1.526320000000000064e-03 1.499999999999999944e-01
1.492099999999999893e-03 -7.599999999999999811e-02
1.458639999999999980e-03 -5.800000000000000294e-02
1.425940000000000107e-03 -2.999999999999999889e-02
1.393970000000000018e-03 1.499999999999999944e-01
1.362710000000000050e-03 1.499999999999999944e-01
1.332159999999999985e-03 1.499999999999999944e-01
1.302290000000000001e-03 1.499999999999999944e-01
1.273100000000000100e-03 1.499999999999999944e-01
1.244550000000000083e-03 1.499999999999999944e-01
1.216649999999999893e-03 1.499999999999999944e-01
1.189369999999999924e-03 1.499999999999999944e-01
1.162700000000000018e-03 1.499999999999999944e-01
1.136639999999999959e-03 1.499999999999999944e-01
1.111149999999999985e-03 1.499999999999999944e-01
1.086240000000000035e-03 1.499999999999999944e-01
1.061880000000000072e-03 1.499999999999999944e-01
1.038080000000000036e-03 1.499999999999999944e-01
1.014799999999999947e-03 1.499999999999999944e-01
9.920499999999999631e-04 1.499999999999999944e-01
9.698079999999999548e-04 1.499999999999999944e-01
9.480639999999999814e-04 1.499999999999999944e-01
9.268079999999999938e-04 1.499999999999999944e-01
9.060280000000000200e-04 1.499999999999999944e-01
8.857150000000000266e-04 1.499999999999999944e-01
8.658560000000000258e-04 1.499999999999999944e-01
8.464430000000000001e-04 1.499999999999999944e-01
8.274660000000000088e-04 1.499999999999999944e-01
8.089129999999999715e-04 1.499999999999999944e-01
7.907769999999999947e-04 1.499999999999999944e-01
7.730470000000000137e-04 1.499999999999999944e-01
7.557150000000000109e-04 1.499999999999999944e-01
7.387719999999999530e-04 1.499999999999999944e-01
7.222080000000000079e-04 1.499999999999999944e-01
7.060159999999999570e-04 1.499999999999999944e-01
6.901859999999999679e-04 1.499999999999999944e-01
6.747119999999999463e-04 1.499999999999999944e-01
6.595849999999999673e-04 1.499999999999999944e-01
6.447959999999999976e-04 1.499999999999999944e-01
6.303399999999999585e-04 1.499999999999999944e-01
6.162070000000000177e-04 1.499999999999999944e-01
6.023909999999999725e-04 1.499999999999999944e-01
5.888850000000000378e-04 1.499999999999999944e-01
5.756819999999999949e-04 1.499999999999999944e-01
5.627749999999999506e-04 1.499999999999999944e-01
5.501570000000000115e-04 1.499999999999999944e-01
5.378229999999999903e-04 1.499999999999999944e-01
5.257639999999999623e-04 1.499999999999999944e-01
5.139759999999999728e-04 1.499999999999999944e-01
5.024530000000000359e-04 1.499999999999999944e-01
4.911870000000000255e-04 1.499999999999999944e-01
4.801750000000000029e-04 1.499999999999999944e-01
4.694090000000000046e-04 1.499999999999999944e-01
4.588840000000000063e-04 1.499999999999999944e-01
4.485959999999999991e-04 1.499999999999999944e-01
4.385379999999999812e-04 1.499999999999999944e-01
4.287059999999999981e-04 1.499999999999999944e-01
4.190940000000000095e-04 1.499999999999999944e-01
4.096980000000000066e-04 1.499999999999999944e-01
4.005120000000000034e-04 1.499999999999999944e-01
3.915319999999999911e-04 1.499999999999999944e-01
3.827540000000000152e-04 1.499999999999999944e-01
3.741719999999999812e-04 1.499999999999999944e-01
3.657830000000000044e-04 1.499999999999999944e-01
3.575820000000000062e-04 1.499999999999999944e-01
3.495649999999999777e-04 1.499999999999999944e-01
3.417280000000000187e-04 1.499999999999999944e-01
3.340659999999999962e-04 1.499999999999999944e-01
3.265760000000000256e-04 1.499999999999999944e-01
3.192539999999999896e-04 1.499999999999999944e-01
3.120959999999999880e-04 1.499999999999999944e-01
3.050989999999999735e-04 1.499999999999999944e-01
2.982579999999999758e-04 1.499999999999999944e-01
2.915710000000000177e-04 1.499999999999999944e-01
2.850339999999999818e-04 1.499999999999999944e-01
2.786430000000000222e-04 1.499999999999999944e-01
2.723959999999999988e-04 1.499999999999999944e-01
2.662890000000000114e-04 1.499999999999999944e-01
