0.0180678
0.029716
0.0382456
0.0355545
0.021677
0.0142611
-0.00080074
-0.0209865
-0.00526785
0.0150138
0.00695307
-0.0423334
-0.135151
-0.0778824
0.0203549
-0.0275781
-0.0450183
0.115048
0.298356
0.323166
0.353283
0.319415
0.229283
0.22012
-0.112015
-0.591021
-0.665795
-0.490039
-0.0175711
0.421375
0.301698
-0.106599
-0.478638
-0.669532
-0.682846
-0.652717
-0.277375
0.677238
1.59406
1.82461
1.45654
1.08309
1.52644
1.87161
1.21518
0.279078
-0.155027
0.435958
1.39839
1.68252
0.852728
-1.19236
-3.2289
-4.87785
-4.92993
-3.52893
-0.872787
1.80731
3.28993
3.21546
2.26959
0.908409
-0.486449
-1.35944
-1.88232
-1.9665
-1.69958
-1.4715
-1.25325
-0.669722
-0.251332
0.0973576
0.126955
0.0472598
-0.479046
-1.84801
-2.19533
-0.652601
1.90077
4.03597
4.91151
2.83649
-0.108576
-2.49647
-3.83103
-3.25084
-0.531885
1.4312
2.15782
1.7017
0.560937
-0.692192
-1.56288
-2.0466
-1.66773
-1.38896
-0.525913
1.78075
3.72313
4.11533
4.13663
3.43064
1.46352
-1.78664
-4.85055
-6.8198
-6.94304
-5.27281
-2.50797
0.54661
3.20587
4.65752
4.35886
2.92763
0.595889
-15.3817
-101.596
-249.698
-405.415
-511.906
-533.573
-467.095
-332.13
-165.086
-9.29311
103.831
162.101
165.857
123.559
55.1144
-16.7382
-71.1226
-95.6896
-87.8137
-52.6695
-3.59534
45.1974
81.4076
97.8182
94.1074
74.9004
48.8868
25.4188
10.6923
6.52242
13.5157
27.5639
44.2249
58.4068
66.1292
66.5483
60.1236
49.0848
37.6827
28.3294
23.4439
24.855
32.0576
41.5449
50.8322
58.563
62.7414
63.0971
59.8762
53.688
45.9471
38.1986
31.7884
28.7628
28.5054
30.3349
32.9124
34.4606
34.8659
34.6636
32.8642
29.527
25.6381
22.3836
20.0525
19.3528
20.2926
21.2861
21.139
17.7584
10.1343
-0.182785
-13.8016
-29.8678
-47.8782
-66.5459
-86.6481
-108.951
-132.103
-156.899
-183.764
-213.886
-252.658
-306.301
-385.022
-500.305
-670.512
-927.577
-1308.26
-1859.58
-2637.09
-3597.3
-4414.27
-4261.52
-2269.84
1548.64
6119.86
9949.51
11801.9
11129.7
8202.41
3926.98
-515.073
-4084.44
-6141.96
-6495.97
-5351.28
-3218.55
-758.992
1387.65
2753.06
3130.17
2590.17
1425.98
45.4209
-1153.58
-1886.65
-2039.18
-1665.49
-945.487
-118.17
586.987
1008.05
1079.86
836.406
389.781
-113.066
-535.364
-782.556
-815.767
-658.32
-379.635
-70.1014
186.177
332.294
349.225
253.749
89.0426
-92.3288
-243.522
-332.594
-348.843
-299.406
-205.07
-96.1101
-4.48325
48.4108
54.7305
19.1491
-44.376
-116.275
-176.738
-213.255
-223.27
-211.677
-191.044
-172.45
-165.583
-177.733
-211.077
-262.443
-326.095
-401.053
-489.078
-592.729
-717.124
-880.596
-1116.84
-1482.77
-2056.29
-2901.34
-3946.66
-4685.97
-4119.83
-1525.6
2729.84
7357.58
10841.3
12062.5
10690.6
7220.28
2699.79
-1674.31
-4946.56
-6592.13
-6525.64
-5044.8
-2719.57
-233.492
1789.5
2930.69
3053.09
2296.28
1004.84
-392.646
-1513.49
-2111
-2117.09
-1625.37
-839.152
-7.76365
644.936
977.273
951.411
627.609
132.109
-385.118
-790.744
-1000.99
-993.589
-805.91
-518.897
-228.06
-16.2719
64.2094
1.27598
-179.172
-430.481
-704.976
-968.247
-1211.55
-1455.6
-1751.68
-2174.63
-2819.17
-3787.95
-5169.82
-6984.57
-8930.82
-9847.93
-7765.98
-1515.16
7878
17592.9
24444.1
26222.2
22443.8
14349.8
4314.79
-5071.64
-11809.9
-14862.4
-14180.6
-10542.5
-5275.27
113.654
4314.84
6496.95
6448.67
4547.55
1592.93
-1466.57
-3813.23
-4951.28
-4779.66
-3552.4
-1762.96
33.5076
1363.58
1947.73
1742.77
912.95
-248.555
-1410.15
-2296.91
-2744.75
-2735.16
-2378.75
-1869.52
-1431.84
-1270.57
-1525.85
-2264.13
-3507.66
-5303.72
-7762.92
-10905.9
-14061.7
-14932.7
-10225.5
1186.78
16554.6
30814.2
39190.8
39103.5
30802.5
16942.7
1451.37
-11876.5
-20449.9
-23223.5
-20554
-13933.6
-5537.38
2352.22
7914.82
10172
9107.67
5555.21
860.765
-3550.85
-6565.6
-7627.99
-6778.88
-4545.78
-1733.09
836.252
2536.31
3055.5
2427.38
975.347
-818.767
-2466.23
-3595.96
-4031.99
-3811.58
-3141.4
-2317.57
-1650.1
-1389.15
-1675.53
-2542.7
-3947.1
-5825.27
-8166.73
-11046.1
-14419.7
-17440.3
-17534.9
-11373
1773.23
18644.7
33890.4
42631.2
42284.7
33206.9
18282.9
1704.36
-12515.2
-21638.5
-24548.8
-21633.3
-14512.5
-5545.92
2825.46
8680.04
10992.3
9782.21
5956.88
950.207
-3723.35
-6894.28
-7981.89
-7041.84
-4634.66
-1607.9
1159.31
2990.67
3560.62
2909.25
1379.68
-511.671
-2231.86
-3374.19
-3760.6
-3445.59
-2665.94
-1749.21
-1010.35
-681.505
-866.497
-1552.15
-2656.77
-4076.81
-5745.29
-7691.34
-10094.1
-13271.5
-17392
-21616.9
-22868.5
-16634.2
-1081.22
20447.2
41190.8
54301.5
55692.2
45241.9
26434.6
4735.37
-14410.6
-27146.1
-31775.5
-28638.3
-19736.5
-8085.56
3100.85
11195.3
14707.6
13512.7
8697.1
2127.05
-4165.23
-8574.07
-10254.5
-9213.63
-6156.21
-2190.29
1520.64
4059.41
4953.62
4223.1
2292.66
-165.656
-2447.4
-4006.71
-4566.79
-4150.09
-3022.77
-1601.5
-324.17
471.012
612.953
104.567
-897.958
-2160.67
-3441.66
-4567.36
-5518.82
-6461.53
-7751.79
-9905.92
-13501.8
-18698.7
-23990.2
-24880.1
-16064.4
3440.25
28652.9
51459.2
64395.7
63482.7
49324
26435
1272.49
-20068.5
-33493.9
-37391.7
-32475.7
-21315.6
-7526.83
5188.74
13932.7
17212.5
15116.8
9088.39
1370.04
-5732.15
-10457.2
-11959.6
-10362.7
-6574.36
-1914.59
2280.27
5008.86
5792.09
4724.06
2350.09
-529.191
-3096.96
-4741.99
-5192.51
-4521.8
-3075.13
-1336.7
202.487
1168.3
1382.13
871.974
-154.778
-1391.32
-2520.5
-3312.01
-3666.68
-3627.65
-3352.09
-3048.53
-2946.94
-3248
-4104.71
-5621.72
-7879.07
-10984.6
-14968.8
-19337.2
-21970.1
-18848.9
-7039.08
11836.9
32116.2
47181.8
52303.5
46180.2
31013.9
11382.1
-7515.95
-21531.2
-28419.4
-27876.6
-21262.6
-11106.4
-383.655
8234.27
12983.7
13325.6
9914.85
4273.15
-1748.77
-6518.36
-8994.6
-8903.65
-6688.21
-3265.49
292.966
3055.4
4436.43
4290.12
2881.95
758.454
-1430.75
-3119.84
-3950.44
-3841.96
-2960.35
-1649.25
-315.191
698.296
1172.81
1058.91
462.522
-395.182
-1264.28
-1938.39
-2298.92
-2324.44
-2096.7
-1758.66
-1475.09
-1389.58
-1592.19
-2125.49
-2990.78
-4166.18
-5639.25
-7473.03
-9886.73
-13241.3
-17847.3
-23162.3
-26200.9
-21522.6
-5598.3
18999.4
44740.3
63155.5
68419.2
59215.4
38685.7
12877.1
-11535
-29321.2
-37718.3
-36467.3
-27458.6
-14051.9
-130.055
10886.4
16791.6
16965.4
12334.1
4921.79
-2859.16
-8903.81
-11919.3
-11604.2
-8569.11
-4025.48
621.268
4159.31
5853.31
5551.56
3637.74
838.897
-1993.3
-4124.42
-5114.39
-4880.71
-3676.16
-1955.51
-237.014
1033.91
1600.07
1422.98
653.432
-434.654
-1536
-2394.82
-2863.79
-2913.7
-2634.56
-2202.83
-1838.2
-1728.24
-1999.9
-2703.53
-3837.61
-5395.73
-7428.38
-10080.2
-13544.6
-17717.8
-21196.5
-20313.4
-10894
7583.74
30506.8
50378.4
60494.4
57731.1
43225.6
21431.2
-1692.54
-20696.1
-32074
-34641
-29323.6
-18644.3
-5957.34
5406.17
12905.9
15343.5
12967.1
7207.64
149.119
-6135.44
-10121.4
-11133.8
-9374.88
-5734.13
-1441.58
2296.73
4605.22
5107.73
3956.87
1696.81
-929.933
-3197.62
-4574.94
-4839.07
-4089.26
-2667.48
-1035.77
358.898
1191.25
1334.76
855.722
-35.5838
-1060.16
-1938.23
-2480.14
-2613.12
-2380.8
-1919.96
-1401.09
-991.267
-814.468
-912.429
-1261.44
-1797.97
-2439.28
-3114.52
-3806.61
-4572.93
-5569.7
-7071.86
-9499.21
-13405.7
-19133.1
-25513.9
-28107.4
-20751.8
-998.8
26991.5
54452.8
72308.4
74853.1
61561.7
36726.8
7482.44
-18851.7
-36901.2
-44085.9
-40621
-29056.7
-13397.1
1989.77
13455.6
18855.7
17872.4
11834.6
3163.02
-5422.76
-11679.2
-14349.5
-13309.3
-9415.55
-4129.66
967.257
4597.38
6056.19
5312.07
2893.57
-317.816
-3373.07
-5505.6
-6299.83
-5760.2
-4229.47
-2250.89
-395.443
878.753
1343.95
1012.53
89.8311
-1101.38
-2220.19
-2994.23
-3287.38
-3102.78
-2560.03
-1856.74
-1209.34
-791.053
-695.505
-924.688
-1400.73
-2009.37
-2637.59
-3223.32
-3769.13
-4351.94
-5119.47
-6256.77
-7949.55
-10403.3
-14007.7
-19406.8
-27001
-35194.9
-37981.3
-26939.4
822.507
38590.5
73879.7
94862
95086.4
75096.2
41406.1
3656.57
-28859.4
-49801.6
-56571.7
-50035
-33829.4
-13276.3
6036.75
19641.3
25135.4
22489.8
13749.9
2228.35
-8578.59
-15965.2
-18566.5
-16484.9
-11007.9
-4084.6
2290.55
6580.94
8011.53
6649.56
3268.4
-951.783
-4796.91
-7321.48
-8073.39
-7128.7
-4988.06
-2380.59
-43.7888
1464.49
1890.71
1295.96
-5.54379
-1569.93
-2960.84
-3858.79
-4119.89
-3791.55
-3055.66
-2167.73
-1391.56
-929.206
-893.082
-1288.32
-2023.66
-2950.96
-3928.93
-4862.46
-5738.78
-6621.29
-7642.72
-9090.87
-11445.7
-15374.6
-21554.4
-30132.5
-39089.1
-42086.4
-30559.3
-1752.79
37355.6
74180.1
96708.3
98100
78571.1
44568.5
5923.4
-27755.4
-49788.8
-57310.2
-51050.3
-34702.9
-13727.4
6130.56
20245.1
26108.6
23626.9
14846.7
3124.23
-7976.66
-15658
-18476.1
-16478.5
-10943.7
-3858.92
2709.66
7147.65
8650.1
7287.19
3844.57
-480.76
-4448.87
-7084.06
-7909.74
-6991.29
-4818.82
-2126.18
315.583
1922.3
2413.63
1834.09
505.111
-1116.22
-2581.16
-3549.36
-3855.97
-3533.06
-2767.44
-1826.47
-991.168
-481.707
-412.482
-767.381
-1424.53
-2227.83
-3026.08
-3715.93
-4267.92
-4714.05
-5138.55
-5732.1
-6797.02
-8699.11
-11837
-16618.5
-23346.5
-31701.4
-39092
-39042.4
-24378.6
5542.33
42809.8
75397.8
92773.7
89827.2
68168.9
34774.9
-974.896
-30535.8
-48393.7
-52621.6
-44544.6
-28030.2
-8318.53
9357.08
21040.2
24836.7
21103.5
12055
938.118
-8976.06
-15287.7
-16928.5
-14214.7
-8537.25
-1813.93
4066.29
7718.38
8538.24
6745.79
3194.01
-938.07
-4498.63
-6661.44
-7086.94
-5928.25
-3716.11
-1165.55
1027.08
2347.04
2593.4
1864.64
495.617
-1063.44
-2385.79
-3169.14
-3304.17
-2866.85
-2071.03
-1187.29
-476.716
-122.97
-186.835
-622.629
-1307.57
-2086.07
-2824.14
-3446.77
-3955.62
-4416.09
-4956.94
-5825.89
-7370.94
-10007.5
-14173.9
-20230.8
-27918.8
-34848.3
-34983.1
-21707.8
5485.77
39327.1
68866.1
84542.9
81729.3
61881.1
31383.7
-1187.81
-28061.5
-44254.3
-48024.7
-40592.5
-25490.1
-7509.16
8590.26
19213.7
22643.7
19220.4
10980.5
874.725
-8144.29
-13899.8
-15438.4
-13030
-7903.81
-1806.66
3535.46
6875.51
7666.46
6088.98
2903.23
-826.44
-4047.27
-6003.18
-6382.26
-5327.28
-3325.84
-1035.21
916.69
2095.42
2322.19
1692.45
497.965
-873.225
-2050.97
-2762.45
-2903.2
-2529.7
-1818.97
-1018.96
-362.62
-20.7026
-51.7244
-411.337
-993.586
-1659.56
-2278.15
-2757.98
-3091.75
-3356.69
-3686.02
-4234.63
-5152.76
-6636.83
-9029.81
-12823.8
-18500
-25782.2
-31818.2
-30204
-15300.8
11771.3
43097.1
68332.7
79307.4
72907
51631.7
22109.9
-7600.8
-30725.5
-43285.4
-44310.8
-35493.3
-20469.6
-3773.33
10338.8
18865.3
20607.1
16251.7
7953.15
-1446.45
-9302.32
-13822.4
-14376.6
-11451.5
-6343.19
-708.326
3927.37
6525.39
6723.32
4839.1
1688.81
-1715.42
-4461.6
-5941.64
-5967.3
-4749.98
-2789.72
-694.505
981.414
1873.52
1871.61
1117
-82.6048
-1353.88
-2360.94
-2887.06
-2872.28
-2415.03
-1712.07
-984.91
-437.48
-199.5
-311.358
-722.364
-1315.87
-1954.6
-2524.29
-2960.8
-3267.54
-3513.38
-3830.95
-4411.66
-5502.2
-7391.1
-10362.6
-14629.8
-20169.9
-25758.8
-27062
-17906.7
3773.99
32766.1
59388.1
74592.9
73614
57099
30288.1
772.604
-24225.1
-39882.7
-44385.4
-38621
-25577.3
-9463.96
5399.35
15643.2
19514.2
17101
10076.2
1059.3
-7245.14
-12786.8
-14561.6
-12707.1
-8271.94
-2818.71
2082.67
5262.81
6174.63
4940.32
2201.16
-1107.95
-4043.31
-5901.71
-6361.42
-5508.22
-3759.14
-1686.65
132.421
1279.2
1573.33
1072.72
25.4625
-1215.51
-2302.36
-2978.74
-3132.92
-2811.06
-2165.67
-1407.49
-753.07
-355.807
-284.806
-520.76
-962.444
-1474.96
-1926.83
-2218.45
-2313.07
-2236.92
-2051.84
-1847.54
-1704.23
-1684.75
-1836.21
-2175.01
-2695.16
-3416.05
-4393.72
-5735.29
-7573.91
-10070.2
-13551.7
-18516.5
-24873.1
-29840.1
-26917.5
-10658.7
17082.7
47750.7
71060.5
79431.1
70487.7
47382.8
17109.1
-12241.8
-34173.4
-45151.6
-44628.6
-34615.1
-18968.7
-2281.16
11302.6
18996.8
19867.1
14819.2
6155.43
-3235.76
-10766.8
-14768.4
-14757.9
-11377.5
-6033.15
-414.147
3985.32
6229.44
6083.76
3959.19
705.775
-2665.94
-5266.67
-6540.81
-6361.57
-4991.78
-2949.65
-855.849
754.4
1549.49
1450.13
622.66
-605.758
-1857.44
-2809.43
-3260.25
-3172.45
-2657.41
-1914.71
-1165.63
-600.784
-342.278
-423.98
-789.041
-1308.47
-1826.67
-2215.81
-2404.97
-2386.26
-2215.63
-1980.91
-1775.12
-1680.69
-1751.26
-2002.29
-2434.14
-3046.31
-3854.29
-4928.06
-6413.16
-8565.95
-11722.3
-16111.3
-21611.2
-26891.5
-27527
-17329.7
5578.48
35606.2
62794.2
77853.1
75950.1
57998.8
29653.4
-1097
-26785.6
-42534.2
-46618.4
-40108.1
-26214.7
-9355.57
5996.74
16387
20091.7
17302.7
9823.03
392.803
-8181.49
-13790.7
-15447.6
-13357.8
-8659.16
-2977.03
2076.77
5310.06
6186.31
4841.16
1964.26
-1456.11
-4455.6
-6336.42
-6782.97
-5890.75
-4089.44
-1972.31
-126.397
1019.83
1290.41
759.164
-306.998
-1543.64
-2601.35
-3231.07
-3339.37
-2978.33
-2317.7
-1578.62
-961.813
-605.042
-557.534
-788.686
-1198.02
-1657.06
-2051.79
-2304.09
-2374.28
-2275.6
-2066.37
-1831.35
-1648.09
-1578.95
-1658.15
-1880.99
-2215.55
-2627.06
-3101.38
-3661.84
-4371.59
-5348.42
-6794.39
-9018.68
-12431.4
-17356.9
-23244.5
-27223.3
-23934.3
-9103.71
15950.1
44130.7
66146.5
74648.8
66993.5
45766.2
17332.3
-10721.7
-32080.6
-43120.3
-43147.6
-34015.4
-19337.1
-3449.57
9663.25
17282.7
18451.2
13960.9
5923.16
-2964.32
-10229.5
-14234.1
-14454.2
-11426.4
-6429.05
-1053.2
3248.23
5534.75
5541.46
3619.02
552.253
-2699.01
-5268.7
-6595.27
-6523.14
-5280.1
-3355.82
-1329.84
272.695
1106.36
1079.02
341.718
-800.485
-1988.71
-2913.92
-3374.84
-3321.02
-2851.06
-2155.42
-1445.79
-905.782
-651.439
-712.799
-1033.42
-1485.6
-1935.65
-2283.18
-2468.56
-2488.6
-2386.23
-2238.89
-2127.81
-2120.91
-2262.8
-2575.21
-3056.56
-3700.2
-4515.28
-5552.38
-6954.04
-8954.78
-11864.3
-15805.7
-19915.9
-21100.4
-14910.9
382.909
21444
41675.1
54392.9
55459.7
44693.1
25597
3665.89
-15645
-28484.5
-33169.5
-30058.5
-21164.4
-9491.8
1752.42
9938.54
13583.6
12546.6
7883.48
1420
-4843.8
-9282.1
-11027
-10056.8
-7048.11
-3092.27
650.691
3257.04
4235.76
3588.98
1731.67
-680.726
-2935.84
-4474.01
-5004.94
-4543.33
-3348.19
-1830.71
-427.592
528.56
869.809
604.39
-108.379
-1014.14
-1844.92
-2394.66
-2562.53
-2365.87
-1913.66
-1367.03
-887.378
-590.712
-521.517
-664.791
-958.736
-1311.05
-1635.96
-1868.96
-1979.18
-1978.04
-1909
-1837.51
-1820.07
-1901.18
-2115.12
-2493.84
-3069.38
-3874.67
-4954.38
-6388.89
-8317.17
-10906.2
-14212.5
-17554.2
-18515.6
-13529.9
-1197.63
15764.5
32020
42310.1
43510.4
35524.4
20983.4
4081.09
-10955.4
-21098.2
-24967.7
-22767.5
-16002.8
-7000.18
1731.5
8129.21
11007.1
10233.5
6623.59
1599.59
-3288.11
-6779.83
-8184.14
-7470.1
-5149.34
-2068.12
874.68
2947.99
3756.27
3288.92
1860.15
-17.4493
-1796.54
-3029.7
-3477.12
-3137.35
-2226.32
-1059.39
36.4726
791.861
1061.53
850.421
294.695
-403.296
-1041.47
-1463.57
-1595.6
-1449
-1098.9
-669.763
-285.65
-33.3239
47.8625
-35.649
-240.145
-495.396
-725.707
-876.52
-926.373
-874.407
-746.88
-590.836
-453.916
-371.156
-363.476
-430.862
-551.136
-693.719
-827.431
-939.295
-1019.34
-1072.73
-1117.1
-1181.08
-1291.42
-1470.63
-1737.47
-2118.79
-2658.77
-3427.15
-4512.17
-6045.71
-8180.15
-11000.1
-14159.3
-16088.1
-13752.1
-4962.58
9022.72
24021.8
35181.1
38990.5
34479.4
23268.6
8728.5
-5311.48
-15773.7
-20981.1
-20678.4
-15848.7
-8353.45
-398.539
6021.48
9585.67
9882.77
7385.02
3213.66
-1257.55
-4814.52
-6673.57
-6624.66
-4983.6
-2425.95
248.916
2330.35
3371.01
3258.58
2202.63
633.109
-962.234
-2167.6
-2727.41
-2591.57
-1899.6
-908
83.2123
821.214
1158.74
1069.3
643.272
41.8363
-553.54
-993.081
-1189.86
-1128.55
-862.977
-491.551
-122.999
150.613
277.144
245.727
90.4375
-131.931
-355.692
-524.257
-599.439
-575.721
-482.072
-359.194
-241.549
-163.161
-144.452
-181.451
-256.703
-351.695
-445.751
-525.243
-582.078
-617.785
-641.101
-663.056
-700.973
-778.957
-915.504
-1116.79
-1388.98
-1740.83
-2197.91
-2813
-3680.43
-4933.41
-6727.19
-9041.54
-11233.6
-11476.5
-7509.02
1135.77
12252.4
22255
27921.9
27582
21548.3
11783.6
1054.85
-8038.86
-13765.6
-15457.9
-13415
-8715.75
-2896.09
2474.64
6164.18
7541.22
6646.36
4088.51
813.319
-2199.69
-4209.85
-4860.32
-4197.59
-2601.6
-631.75
1142.22
2290.61
2613.62
2157.97
1159.55
-44.666
-1111.46
-1783.2
-1945.71
-1629.82
-984.513
-227.102
429.814
836.391
929.572
736.821
348.435
-102.267
-485.571
-713.344
-755.505
-632.166
-398.165
-129.67
104.634
251.491
283.537
210.636
69.3056
-97.8784
-245.783
-340.968
-367.352
-327.006
-244.235
-149.409
-69.9654
-28.261
-31.2494
-71.4086
-134.861
-206.116
-271.201
-321.295
-353.626
-373.471
-392.286
-419.596
-466.875
-543.93
-655.525
-805.237
-1000.37
-1248.12
-1559.54
-1962.9
-2510.24
-3278.28
-4360.69
-5836.96
-7575.17
-8795.46
-7848.12
-3349.56
4252.45
12730.3
19303.3
21874.7
19753.9
13750.6
5712.58
-2196.99
-8211.1
-11336.4
-11380.7
-8849.43
-4750.44
-302.829
3370.21
5494.49
5796.68
4502.32
2213.99
-297.931
-2334.65
-3441.54
-3481.55
-2619.08
-1223.96
261.271
1439.78
2055.99
2034.82
1474.29
599.612
-317.171
-1032.51
-1393.33
-1361.67
-1005.23
-465.076
95.7112
528.039
741.144
718.985
507.171
192.556
-126.815
-366.368
-475.483
-451.666
-321.076
-129.616
64.5661
208.17
272.258
252.419
164.212
39.7438
-83.2896
-171.25
-207.512
-193.636
-141.93
-72.1719
-8.41554
31.4386
37.1693
7.57936
-47.564
-115.699
-187.132
-250.983
-296.436
-325.03
-340.168
-347.132
-359.366
-392.27
-456.396
-561.264
-715.519
-930.923
-1226
-1626.79
-2171.19
-2911.77
-3926.97
-5294.28
-6935.12
-8236.55
-7735.47
-3926.28
3100.02
11370.4
18167.3
21299.4
19873.9
14467.3
6754.78
-1153.22
-7425.59
-10956
-11441.1
-9279.7
-5403.6
-1003.96
2781.26
5128.97
5696.04
4634.75
2492.57
10.7109
-2103.29
-3356.5
-3559.07
-2824.78
-1491.61
-0.164356
1238.69
1947.22
2024.16
1544.67
715.287
-197.084
-945.385
-1366.33
-1406
-1112.97
-614.376
-67.6807
377.568
624.004
637.63
447.503
129.623
-223.247
-522.599
-703.799
-742.04
-657.991
-496.913
-312.036
-160.932
-86.0653
-103.147
-204.006
-363.327
-548.347
-726.375
-877.931
-1000.78
-1115.54
-1252.21
-1454.15
-1772.14
-2265.82
-3014.31
-4111.46
-5636.61
-7516.23
-9092.32
-8775.61
-4908.71
2491.99
11418.4
18978.7
22766.9
21693.3
16239.2
8116.32
-428.347
-7386.8
-11494.2
-12338
-10273.8
-6250.23
-1534.22
2629.51
5313.99
6100.83
5112.72
2903.96
259.093
-2055.15
-3485.48
-3801.49
-3099.9
-1725.22
-137.704
1222.71
2040.87
2188.43
1727.73
870.412
-106.514
-935.307
-1428.27
-1510.09
-1224.88
-705.061
-122.161
363.694
644.606
680.396
495.88
167.398
-202.699
-520.574
-720.046
-776.541
-709.379
-569.145
-418.541
-321.396
-324.191
-447.425
-689.189
-1035.48
-1470.69
-1996.78
-2649.76
-3489.15
-4596.34
-5889.93
-6775.85
-5945.09
-2225.89
4120.38
11352.2
17157.7
19640.1
18013
12812.2
5599.39
-1688.98
-7399.23
-10547.3
-10883.7
-8807.77
-5197.02
-1147.32
2307.23
4428.4
4914.74
3923.21
1962.66
-291.505
-2193.15
-3303.83
-3464.18
-2782.09
-1566.13
-209.868
913.992
1556.82
1631.11
1203.19
455.884
-369.934
-1050.85
-1434.11
-1462.91
-1183.71
-715.829
-210.483
196.446
412.472
409.78
220.457
-83.9976
-415.032
-691.963
-861.428
-908.633
-855.336
-748.694
-643.955
-596.061
-648.475
-826.523
-1140.97
-1599.29
-2223.87
-3067.9
-4219.03
-5708.97
-7294.77
-8006.1
-6264.76
-1249.55
6041.54
13350.9
18284.7
19329.4
16277.8
10158.6
2770.03
-3995.04
-8723.41
-10727.8
-10022.5
-7215.29
-3301.4
609.142
3573.21
5022.47
4847.73
3366.13
1180.9
-1019.84
-2656.45
-3392.72
-3184.88
-2237.3
-910.673
395.705
1349.65
1761.35
1606.97
1014.04
203.544
-584.123
-1149.54
-1381.7
-1272.28
-900.422
-403.757
70.6853
404.253
531.057
446.997
199.98
-131.418
-460.248
-712.109
-844.078
-848.84
-755.21
-619.179
-510.517
-493.889
-614.946
-886.889
-1303.68
-1846.43
-2513.31
-3333.64
-4380.51
-5751.46
-7524.18
-9426.72
-10268.1
-8024.56
-1532.12
8049.5
17741.9
24357.7
25794.3
21730.3
13545.2
3651.62
-5399.25
-11708.3
-14360.6
-13393.5
-9623.08
-4378.83
860.757
4835.05
6780.14
6547.79
4561.64
1629.41
-1322.31
-3516.29
-4503.07
-4219.07
-2938.35
-1147.41
612.658
1893.59
2438.16
2218.4
1407.34
303.094
-765.026
-1528.22
-1836.16
-1678.73
-1169.75
-493.842
146.64
591.554
755.332
640.132
319.608
-93.718
-480.683
-748.605
-850.54
-789.114
-607.798
-376.108
-164.541
-32.8456
-16.5459
-118.539
-314.136
-564.638
-834.847
-1098.98
-1349.49
-1609.07
-1927.41
-2388.8
-3107.31
-4179.71
-5531.64
-6561.5
-5947.87
-2553.06
3340.77
9993.83
15205.9
17269.2
15590.6
10785
4322.13
-2056.85
-6914.02
-9435.33
-9464.93
-7412.19
-4091.44
-489.582
2485.39
4212.15
4468.55
3434.34
1591.36
-440.703
-2097.96
-3011.31
-3061.81
-2372.37
-1237.53
-19.7562
953.863
1468.08
1456.63
997.861
278.166
-476.232
-1065.68
-1366.38
-1347.64
-1062.65
-624.395
-170.426
182.695
359.845
341.008
162.052
-109.578
-391.786
-612.033
-726.436
-726.554
-633.963
-492.411
-356.065
-270.887
-265.081
-345.616
-500.73
-707.318
-941.123
-1188.73
-1457.17
-1776.01
-2206.19
-2833.32
-3768.31
-5075.12
-6534.98
-7258.17
-5766.56
-1236.36
5517.65
12389.5
17094.8
18146.7
15327.9
9606.1
2675.53
-3681.16
-8134.3
-10035.1
-9397.64
-6787.85
-3131.28
539.282
3336.6
4720.24
4581.09
3209.69
1169.75
-891.052
-2428.63
-3125.69
-2936.15
-2051.42
-808.949
415.547
1308.58
1689.97
1538.36
973.686
204.399
-542.283
-1078.9
-1299.66
-1195.51
-841.581
-365.288
91.4294
415.417
543.191
469.568
243.528
-52.5152
-332.855
-527.47
-599.939
-554.263
-423.459
-256.829
-103.04
-1.72654
24.2204
-23.5638
-128.949
-263.668
-395.573
-502.467
-579.268
-635.911
-693.503
-781.182
-933.743
-1191.1
-1598.45
-2219.76
-3126.18
-4348.42
-5678.86
-6296.2
-4921.18
-876.397
5145.35
11365.8
15785.6
16999.4
14654
9504.71
3045.57
-3062.78
-7512.27
-9598.38
-9251
-6956.79
-3572.73
-77.0678
2676.39
4141.93
4170.2
2997.26
1132.33
-820.485
-2332.92
-3080.28
-2987.94
-2212.03
-1058.47
116.943
1010.23
1434.39
1352.81
864.95
158.541
-550.218
-1079.3
-1319.08
-1252.89
-948.161
-518.233
-89.4317
230.351
377.097
339.165
153.96
-107.395
-366.979
-558.884
-645.657
-624.674
-520.357
-376.179
-240.12
-151.8
-132.844
-184.776
-293.243
-431.254
-571.351
-694.728
-798.055
-892.992
-1000.23
-1158.68
-1411.79
-1815.95
-2426.15
-3251.98
-4139.91
-4521.89
-3483.52
-520.109
3827.59
8222.84
11220.8
11852.5
9955.99
6158.27
1570.71
-2631.68
-5566.87
-6805.26
-6358.58
-4607.96
-2173.27
259.315
2106.05
3013.66
2912.79
1998.29
645.753
-716.021
-1728.8
-2185.65
-2056.35
-1465.86
-639.378
172.077
762.52
1015.81
917.563
545.54
37.5065
-455.302
-809.377
-954.718
-886.041
-652.772
-339.736
-38.2479
176.349
261.885
217.222
74.318
-113.986
-292.347
-418.112
-468.318
-444.995
-369.758
-273.112
-187.791
-138.144
-133.727
-171.735
-238.151
-314.785
-386.241
-441.987
-477.799
-499.224
-516.513
-543.812
-595.672
-688.075
-833.853
-1043.86
-1343
-1758.32
-2333.74
-3109.13
-4044.38
-4798.9
-4563.07
-2496.78
1375.58
5991.97
9838.72
11667.2
10954.5
8011.75
3769.37
-600.97
-4081.4
-6054.4
-6347.2
-5177.68
-3055.72
-635.353
1457.89
2767.71
3099.16
2530.94
1359.65
-6.70525
-1176.8
-1877.92
-2002.77
-1610.33
-883.931
-61.5029
630.844
1034.71
1090.7
838.117
389.221
-110.955
-525.998
-762.518
-787.899
-628.787
-354.521
-53.0395
194.101
332.364
342.027
239.832
70.7044
-111.301
-258.167
-336.946
-339.057
-276.498
-174.765
-66.3439
17.9805
59.7025
52.3459
3.44283
-69.3415
-145.849
-207.854
-245.171
-255.274
-243.742
-221.976
-205.138
-204.795
-228.799
-278.793
-355.33
-459.036
-591.99
-764.844
-996.874
-1314.85
-1753.18
-2350.97
-3061.56
-3518
-2998.69
-953.884
2378.83
6006.71
8732.38
9668.71
8547.98
5753.27
2127.44
-1373.69
-3984.08
-5285.82
-5218.14
-4027.36
-2173.8
-199.925
1401.95
2303.23
2395.51
1790.81
765.831
-339.137
-1221.38
-1687.33
-1680.19
-1275.8
-640.066
28.1895
552.758
823.054
809.08
558.032
170.847
-233.198
-547.175
-703.067
-684.295
-521.21
-276.639
-25.4771
166.498
261.652
250.529
150.944
1.21212
-152.273
-269.992
-326.99
-318.068
-256.503
-167.64
-80.3447
-15.7432
15.1237
8.86269
-29.1625
-84.9326
-141.258
-185.48
-209.733
-212.937
-200.203
-180.507
-163.235
-156.339
-165.258
