-17.936
-20.3944
-17.259
-10.6629
-3.11382
4.80458
10.1235
11.3385
7.08499
-3.30818
-19.9129
-42.0389
-68.6109
-95.6405
-121.375
-146.786
-166.632
-174.825
-170.622
-159.297
-146.681
-142.885
-153.424
-173.872
-206.824
-243.919
-265.604
-268.332
-250.688
-222.809
-204.138
-198.856
-203.469
-213.87
-228.183
-246.972
-263.446
-269.517
-270.046
-275.294
-288.761
-307.633
-323.543
-340.52
-370.468
-415.56
-476.756
-554.036
-653.204
-782.183
-943.69
-1137.4
-1355.11
-1607.45
-1913.49
-2314.16
-2867.12
-3657.93
-4816.4
-6520.56
-8972.96
-12398.5
-16966.7
-22032.4
-24612.1
-19704.7
-4494.39
18203.1
41267.8
57074.6
60699.5
51408.1
32415.8
9365.31
-11819.5
-26721.8
-33162.5
-31156.8
-22557.7
-10440.2
1746.82
11035.2
15629.2
15160.4
10589.4
3795.92
-3055.65
-8171.01
-10497.8
-9876.39
-6930.37
-2780.29
1321.65
4329.48
5645.32
5185.89
3345.17
819.184
-1642.29
-3422.51
-4157.73
-3817.91
-2660.19
-1114.15
366.554
1414.12
1831.7
1611.85
908.246
-26.8733
-920.968
-1556.8
-1817.73
-1697.1
-1290.35
-745.538
-231.709
118.818
232.18
106.333
-205.318
-619.455
-1035.93
-1376.11
-1606.76
-1721.24
-1754.94
-1774.19
-1857.44
-2064.93
-2451.68
-3056.07
-3917.28
-5093.9
-6690.14
-8924.28
-12127.3
-16548.8
-21532.7
-24048.5
-18907.8
-3085.72
20612.4
44934.4
61950.6
66260.4
56662.8
36285.7
11111.1
-12382.6
-29233.8
-36903.2
-35256.3
-26206.8
-13074.8
377.086
10890.8
16402
16368.2
11736.2
4497.87
-3008.96
-8766.52
-11555.5
-11129.3
-8109.42
-3686.27
779.849
4144.24
5710.41
5352.86
3452.74
725.696
-2000.83
-4022.42
-4935.25
-4676.16
-3487.69
-1810.33
-145.851
1090.37
1655
1504.32
785.647
-238.089
-1259.76
-2012.93
-2357.46
-2277.77
-1873.95
-1311
-774.29
-411.59
-301.263
-456.162
-821.046
-1300.13
-1806.08
-2264.27
-2637.58
-2940.08
-3253.87
-3720.55
-4517.46
-5858.92
-8004.68
-11238.4
-15762.8
-21099.5
-24784.9
-21920.2
-8447.56
14349.5
39679.7
59099.6
66516.3
59930.1
41643.9
17074.4
-7319.36
-26124.4
-36186
-36793.5
-29358.9
-16880
-3112.31
8434.41
15327.4
16642.2
12991.4
6164.46
-1506.82
-7871.79
-11486.5
-11853.9
-9386.42
-5163.55
-544.081
3219.37
5287.44
5397.52
3824.21
1217.99
-1605.04
-3874.16
-5085.69
-5088.67
-4068.93
-2445.52
-723.644
650.225
1387.12
1406.88
816.646
-146.755
-1189.4
-2046.11
-2531.64
-2577.17
-2244.79
-1695.05
-1114.36
-668.441
-469.957
-556.64
-886.964
-1363.56
-1880.76
-2361.67
-2774.13
-3148.19
-3554.73
-4102.12
-4929.91
-6208.79
-8157
-11051.1
-15179.4
-20385.6
-24641.3
-22954.7
-10684.8
11471.8
37490.9
59130.9
69364.5
64965.7
47411.6
21974.4
-4448.47
-25738.3
-38057.4
-40172.1
-33287.3
-20480.6
-5729.97
7144.32
15356.4
17667
14478.4
7531.95
-719.21
-7875.46
-12240.8
-13136.3
-10884.8
-6559.75
-1592.06
2650.91
5199.98
5663.34
4243.84
1584.24
-1443.43
-3994.98
-5485.48
-5693.55
-4754.7
-3079.68
-1209.1
347.138
1236.64
1335.86
741.57
-282.929
-1406.86
-2333.76
-2865.84
-2933.21
-2601.01
-2027.64
-1403.55
-905.802
-661.846
-721.22
-1052.37
-1563.56
-2142.51
-2688.16
-3141.85
-3498.45
-3811.73
-4185.37
-4757.99
-5699.98
-7221.82
-9616.94
-13282
-18429.5
-23896.7
-25437.2
-17379.4
1983.15
28339.2
53588.3
69507.5
70905.3
57368.9
33120.7
5076.09
-19790.8
-36458.8
-42619.4
-38647.7
-27138.9
-12010.1
2585.44
13248.2
18032.7
16731.9
10708.2
2318.12
-5837.3
-11660.6
-14003.8
-12799.1
-8908.17
-3758.64
1123.82
4514.99
5777.15
4913.24
2470.46
-676.769
-3604.94
-5596.09
-6278.57
-5666.92
-4103.56
-2134.29
-323.45
902.752
1323.46
953.289
9.96554
-1168.66
-2247.23
-2976.03
-3234.43
-3046.38
-2542.76
-1912.19
-1345.56
-993.325
-940.284
-1199.55
-1703.66
-2342.32
-2999.41
-3589.82
-4079.98
-4506.56
-4981.43
-5660.44
-6743.38
-8484.74
-11173.6
-15033.4
-19657.7
-22687.1
-19382.8
-5996.81
16072.3
40277.8
58421.5
64550.8
57012.8
38363.6
14048.8
-9622.21
-27491.8
-36643.3
-36542.7
-28744.1
-16279.8
-2828.28
8220.31
14576.6
15467.4
11597
4785.24
-2668.35
-8694.45
-11958.2
-12062.6
-9474.93
-5288.94
-833.42
2707.36
4563.75
4519.62
2872.96
294.178
-2405.35
-4505.75
-5558.14
-5441.39
-4350.53
-2712.33
-1024.66
286.106
949.751
907.961
284.199
-678.139
-1679.26
-2457.62
-2851.56
-2825.17
-2448.86
-1873.95
-1288.61
-856.279
-667.022
-739.671
-1024.49
-1427.41
-1844.92
-2191.05
-2428.21
-2560.24
-2626.04
-2685.22
-2799.09
-3034.01
-3458.2
-4136.63
-5140.71
-6562.5
-8559.48
-11377.8
-15226.1
-19655.6
-22181.3
-18119.5
-4246.64
17518.4
40692.2
57496.7
62325.9
53820.7
34871.1
11041.1
-11525.1
-28008.8
-35853.6
-34807.6
-26593.8
-14265.6
-1376.75
8896.79
14483.4
14785.1
10622.6
3837.96
-3345.38
-8964.65
-11790.8
-11536.8
-8755.96
-4567.24
-267.033
3026.82
4629.88
4392.51
2661.31
112.442
-2477.07
-4431.6
-5341.17
-5131.77
-4025.69
-2440.71
-845.508
357.472
925.704
819.979
178.82
-751.142
-1684.57
-2382.33
-2696.91
-2600.72
-2182.7
-1601.55
-1030.28
-615.979
-448.921
-542.843
-836.177
-1222.13
-1594.65
-1869.67
-1996.69
-1981.45
-1866.32
-1718.42
-1608.1
-1587.43
-1688.09
-1917.54
-2264.03
-2709.54
-3237.14
-3857.9
-4629.68
-5678.76
-7213.89
-9524.44
-12945.3
-17559.9
-22180.4
-23047.2
-15186.1
2885.06
26739.3
48537.7
61166
60853.2
47997.2
26601.5
2628.09
-18135.7
-31663.3
-36240.4
-32339.1
-22222.9
-9255.85
3017.69
11762.9
15430.5
13962.8
8607.29
1408.39
-5439.83
-10202.2
-11965.2
-10744.4
-7318.04
-2910.84
1192.68
3992.64
4964.78
4137.45
1989.94
-728.378
-3224.08
-4889.47
-5414.5
-4835.95
-3461.11
-1755.75
-196.859
849.133
1200.62
882.079
82.4487
-919.268
-1836.6
-2451.21
-2649.54
-2442.41
-1947.67
-1340.62
-800.418
-462.559
-383.707
-546.753
-880.699
-1277.62
-1627.95
-1853.13
-1928.95
-1881.37
-1761.78
-1634.99
-1566.73
-1606.19
-1775.54
-2074.93
-2492.87
-3017.57
-3653.22
-4456.05
-5547.48
-7137.12
-9500.31
-12865
-16911.3
-19708
-17352.8
-6768.89
10925.9
30658.4
46022
51988.4
46755.9
32201.2
12734.7
-6468.88
-21158.5
-28891.7
-29161.6
-23169.8
-13326.9
-2568.4
6397.8
11687.6
12608.1
9666.76
4286.69
-1698.48
-6617.86
-9352.97
-9545.92
-7550.43
-4220.21
-615.087
2297.68
3879.42
3929.62
2663.92
607.799
-1592.95
-3348.03
-4265.92
-4229.51
-3387.74
-2078.5
-706.965
371.277
935.293
926.741
435.66
-335.006
-1139.56
-1767.44
-2085.1
-2061.56
-1754.05
-1285.59
-802.282
-432.541
-258.171
-296.486
-508.256
-815.394
-1136.17
-1396.17
-1546.85
-1577.49
-1511.8
-1406.86
-1324.81
-1320.03
-1432.53
-1673.2
-2030.61
-2490.15
-3051.18
-3746.92
-4645.4
-5868.66
-7608.41
-10077.4
-13211.4
-15935.5
-15369.3
-8419.01
4952.1
21053.8
34593.8
41181.8
38891.4
28669.5
13695.3
-1917.9
-14544.5
-21925.7
-23348.1
-19489.3
-12103.6
-3501.81
4062.23
8930.25
10351.5
8547.18
4535.79
-258.982
-4439.98
-7007.58
-7553.78
-6256.43
-3732.87
-830.389
1648.23
3135.77
3404.31
2575.28
1027.62
-730.336
-2210.96
-3072.22
-3187.1
-2637.25
-1663.81
-579.631
320.427
841.344
908.614
572.003
-22.3151
-678.771
-1215.72
-1512.16
-1525.67
-1292.87
-909.572
-501.308
-176.318
-5.25771
-10.5755
-168.854
-416.176
-683.8
-909.988
-1052.51
-1100.03
-1062.68
-975.136
-888.105
-844.536
-874.118
-989.852
-1191.08
-1472.7
-1835.49
-2288.62
