9.371799999999999575e-03 1.499999999999999944e-01
4.411539999999999906e-02 1.499999999999999944e-01
9.061299999999999910e-02 1.499999999999999944e-01
1.404849999999999988e-01 1.499999999999999944e-01
1.796649999999999914e-01 1.499999999999999944e-01
2.051649999999999863e-01 1.499999999999999944e-01
2.263709999999999889e-01 1.499999999999999944e-01
2.578860000000000041e-01 1.499999999999999944e-01
3.019000000000000017e-01 1.499999999999999944e-01
3.494340000000000224e-01 1.499999999999999944e-01
3.870689999999999964e-01 1.499999999999999944e-01
4.196889999999999787e-01 1.499999999999999944e-01
4.495149999999999979e-01 1.499999999999999944e-01
4.763189999999999924e-01 1.499999999999999944e-01
4.880380000000000273e-01 1.499999999999999944e-01
4.791360000000000063e-01 1.499999999999999944e-01
4.881460000000000243e-01 1.499999999999999944e-01
5.169310000000000294e-01 1.499999999999999944e-01
5.601369999999999960e-01 1.499999999999999944e-01
6.282020000000000381e-01 1.499999999999999944e-01
7.089790000000000258e-01 1.499999999999999944e-01
7.906800000000000495e-01 1.499999999999999944e-01
8.469179999999999486e-01 1.499999999999999944e-01
8.709099999999999620e-01 1.499999999999999944e-01
8.580870000000000442e-01 1.499999999999999944e-01
8.544760000000000133e-01 1.499999999999999944e-01
8.589040000000000008e-01 1.499999999999999944e-01
8.588170000000000526e-01 1.499999999999999944e-01
8.477679999999999660e-01 1.499999999999999944e-01
8.330429999999999779e-01 -4.000000000000000083e-03
8.170110000000000428e-01 -4.000000000000000083e-03
7.990739999999999510e-01 -4.000000000000000083e-03
7.828850000000000531e-01 -4.000000000000000083e-03
7.767669999999999852e-01 -4.000000000000000083e-03
8.075780000000000181e-01 -4.000000000000000083e-03
8.818890000000000340e-01 -4.000000000000000083e-03
9.815730000000000288e-01 -4.000000000000000083e-03
1.063730000000000064e+00 -4.000000000000000083e-03
1.092910000000000048e+00 -4.000000000000000083e-03
1.072009999999999907e+00 -4.000000000000000083e-03
1.093269999999999964e+00 -4.000000000000000083e-03
1.138800000000000034e+00 -4.000000000000000083e-03
1.201040000000000108e+00 -4.000000000000000083e-03
1.292159999999999975e+00 -4.000000000000000083e-03
1.403200000000000003e+00 -4.000000000000000083e-03
1.508729999999999905e+00 -4.000000000000000083e-03
1.568889999999999896e+00 -4.000000000000000083e-03
1.561360000000000081e+00 -4.000000000000000083e-03
1.553870000000000084e+00 -4.000000000000000083e-03
1.574410000000000087e+00 -4.000000000000000083e-03
1.593699999999999894e+00 -4.000000000000000083e-03
1.593299999999999939e+00 -4.000000000000000083e-03
1.563010000000000010e+00 -4.000000000000000083e-03
1.562200000000000033e+00 -4.000000000000000083e-03
1.591390000000000082e+00 -4.000000000000000083e-03
1.626910000000000078e+00 -4.000000000000000083e-03
1.629450000000000065e+00 -4.000000000000000083e-03
1.611350000000000060e+00 -4.000000000000000083e-03
1.656179999999999986e+00 -4.000000000000000083e-03
1.749509999999999899e+00 -4.000000000000000083e-03
1.860479999999999912e+00 -4.000000000000000083e-03
1.960669999999999913e+00 -4.000000000000000083e-03
2.019280000000000186e+00 -4.000000000000000083e-03
2.022349999999999870e+00 -4.000000000000000083e-03
1.991670000000000051e+00 -4.000000000000000083e-03
2.025689999999999991e+00 -4.000000000000000083e-03
2.112490000000000201e+00 -4.000000000000000083e-03
2.228790000000000049e+00 -4.000000000000000083e-03
2.331059999999999910e+00 -4.000000000000000083e-03
2.382309999999999928e+00 -4.000000000000000083e-03
2.366699999999999804e+00 -4.000000000000000083e-03
2.332469999999999821e+00 -4.000000000000000083e-03
2.336320000000000174e+00 -4.000000000000000083e-03
2.351150000000000073e+00 -4.000000000000000083e-03
2.355339999999999989e+00 -4.000000000000000083e-03
2.324570000000000025e+00 -4.000000000000000083e-03
2.297740000000000116e+00 -4.000000000000000083e-03
2.307209999999999983e+00 -4.000000000000000083e-03
2.327920000000000211e+00 -4.000000000000000083e-03
2.335970000000000102e+00 -4.000000000000000083e-03
2.310369999999999813e+00 -4.000000000000000083e-03
2.272650000000000059e+00 -4.000000000000000083e-03
2.288079999999999892e+00 -4.000000000000000083e-03
2.345680000000000209e+00 -4.000000000000000083e-03
2.429050000000000153e+00 -4.000000000000000083e-03
2.516579999999999817e+00 -4.000000000000000083e-03
2.598800000000000221e+00 -4.000000000000000083e-03
2.666430000000000078e+00 -4.000000000000000083e-03
2.701280000000000125e+00 -4.000000000000000083e-03
2.673740000000000006e+00 -4.000000000000000083e-03
2.649669999999999970e+00 -4.000000000000000083e-03
2.681960000000000122e+00 -4.000000000000000083e-03
2.731599999999999806e+00 -4.000000000000000083e-03
2.773070000000000146e+00 -4.000000000000000083e-03
2.788800000000000168e+00 -4.000000000000000083e-03
2.775510000000000144e+00 -4.000000000000000083e-03
2.736149999999999860e+00 -4.000000000000000083e-03
2.686290000000000067e+00 -4.000000000000000083e-03
2.650090000000000057e+00 -4.000000000000000083e-03
2.639510000000000023e+00 -4.000000000000000083e-03
2.649210000000000065e+00 -4.000000000000000083e-03
2.665770000000000195e+00 -4.000000000000000083e-03
2.679650000000000087e+00 -4.000000000000000083e-03
2.685620000000000118e+00 -4.000000000000000083e-03
2.673119999999999941e+00 -4.000000000000000083e-03
2.621080000000000076e+00 -4.000000000000000083e-03
2.598030000000000062e+00 -4.000000000000000083e-03
2.614419999999999966e+00 -4.000000000000000083e-03
2.656429999999999847e+00 -4.000000000000000083e-03
2.728950000000000209e+00 -4.000000000000000083e-03
2.841899999999999871e+00 -4.000000000000000083e-03
2.989320000000000199e+00 -4.000000000000000083e-03
3.136950000000000127e+00 -4.000000000000000083e-03
3.243520000000000181e+00 -4.000000000000000083e-03
3.271020000000000039e+00 -6.000000000000000125e-03
3.205480000000000107e+00 -6.000000000000000125e-03
3.220579999999999998e+00 -6.000000000000000125e-03
3.303389999999999826e+00 -6.000000000000000125e-03
3.410260000000000069e+00 -6.000000000000000125e-03
3.493189999999999795e+00 -6.000000000000000125e-03
3.535989999999999966e+00 -6.000000000000000125e-03
3.549259999999999859e+00 -6.000000000000000125e-03
3.553059999999999885e+00 -6.000000000000000125e-03
3.537189999999999834e+00 -6.000000000000000125e-03
3.484319999999999862e+00 -6.000000000000000125e-03
3.437629999999999963e+00 -6.000000000000000125e-03
3.426540000000000141e+00 -6.000000000000000125e-03
3.425559999999999938e+00 -6.000000000000000125e-03
3.404539999999999900e+00 -6.000000000000000125e-03
3.357629999999999892e+00 -6.000000000000000125e-03
3.285149999999999793e+00 -6.000000000000000125e-03
3.248920000000000030e+00 -6.000000000000000125e-03
3.246919999999999806e+00 -6.000000000000000125e-03
3.262280000000000069e+00 -6.000000000000000125e-03
3.270230000000000192e+00 -6.000000000000000125e-03
3.247669999999999835e+00 -6.000000000000000125e-03
3.183600000000000207e+00 -6.000000000000000125e-03
3.152340000000000142e+00 -6.000000000000000125e-03
3.170399999999999885e+00 -6.000000000000000125e-03
3.234579999999999789e+00 -6.000000000000000125e-03
3.337369999999999948e+00 -6.000000000000000125e-03
3.463849999999999874e+00 -6.000000000000000125e-03
3.589840000000000142e+00 -6.000000000000000125e-03
3.679549999999999876e+00 -6.000000000000000125e-03
3.683139999999999858e+00 -6.000000000000000125e-03
3.627019999999999911e+00 -6.000000000000000125e-03
3.682560000000000056e+00 -6.000000000000000125e-03
3.803059999999999885e+00 -6.000000000000000125e-03
3.927799999999999958e+00 -6.000000000000000125e-03
4.024639999999999773e+00 -6.000000000000000125e-03
4.081979999999999720e+00 -6.000000000000000125e-03
4.114709999999999646e+00 -6.000000000000000125e-03
4.113459999999999894e+00 -6.000000000000000125e-03
4.066840000000000011e+00 -6.000000000000000125e-03
3.996399999999999952e+00 -6.000000000000000125e-03
3.993300000000000072e+00 -6.000000000000000125e-03
4.030260000000000176e+00 -6.000000000000000125e-03
4.071670000000000122e+00 -6.000000000000000125e-03
4.076609999999999623e+00 -6.000000000000000125e-03
4.020950000000000024e+00 -6.000000000000000125e-03
3.969359999999999999e+00 -6.000000000000000125e-03
3.991029999999999855e+00 -6.000000000000000125e-03
4.070999999999999730e+00 -6.000000000000000125e-03
4.185150000000000148e+00 -6.000000000000000125e-03
4.297810000000000130e+00 -6.000000000000000125e-03
4.367849999999999788e+00 -6.000000000000000125e-03
4.351040000000000241e+00 -6.000000000000000125e-03
4.284159999999999968e+00 -6.000000000000000125e-03
4.332699999999999996e+00 -6.000000000000000125e-03
4.470340000000000202e+00 -6.000000000000000125e-03
4.662950000000000372e+00 -6.000000000000000125e-03
4.886009999999999742e+00 -6.000000000000000125e-03
5.110219999999999985e+00 -6.000000000000000125e-03
5.296870000000000189e+00 -6.000000000000000125e-03
5.379380000000000273e+00 -6.000000000000000125e-03
5.304710000000000036e+00 -6.000000000000000125e-03
5.308500000000000441e+00 -6.000000000000000125e-03
5.439289999999999736e+00 -6.000000000000000125e-03
5.611159999999999926e+00 -6.000000000000000125e-03
5.754400000000000404e+00 -6.000000000000000125e-03
5.831159999999999677e+00 -6.000000000000000125e-03
5.834929999999999950e+00 -6.000000000000000125e-03
5.779300000000000104e+00 -6.000000000000000125e-03
5.676160000000000316e+00 -6.000000000000000125e-03
5.563430000000000319e+00 -6.000000000000000125e-03
5.490079999999999849e+00 -6.000000000000000125e-03
5.456290000000000084e+00 -8.000000000000000167e-03
5.446659999999999613e+00 -8.000000000000000167e-03
5.440190000000000303e+00 -8.000000000000000167e-03
5.399469999999999992e+00 -8.000000000000000167e-03
5.309110000000000440e+00 -8.000000000000000167e-03
5.215749999999999886e+00 -8.000000000000000167e-03
5.167679999999999829e+00 -8.000000000000000167e-03
5.160400000000000098e+00 -8.000000000000000167e-03
5.192680000000000184e+00 -8.000000000000000167e-03
5.261879999999999669e+00 -8.000000000000000167e-03
5.344590000000000174e+00 -8.000000000000000167e-03
5.405269999999999797e+00 -8.000000000000000167e-03
5.403360000000000163e+00 -8.000000000000000167e-03
5.310550000000000104e+00 -8.000000000000000167e-03
5.268089999999999939e+00 -8.000000000000000167e-03
5.317820000000000213e+00 -8.000000000000000167e-03
5.421160000000000423e+00 -8.000000000000000167e-03
5.530730000000000146e+00 -8.000000000000000167e-03
5.622250000000000192e+00 -8.000000000000000167e-03
5.712360000000000326e+00 -8.000000000000000167e-03
5.829679999999999751e+00 -8.000000000000000167e-03
5.969829999999999970e+00 -8.000000000000000167e-03
6.064409999999999634e+00 -8.000000000000000167e-03
6.020030000000000214e+00 -8.000000000000000167e-03
5.990929999999999644e+00 -8.000000000000000167e-03
6.118159999999999599e+00 -8.000000000000000167e-03
6.295659999999999812e+00 -8.000000000000000167e-03
6.408649999999999736e+00 -8.000000000000000167e-03
6.421529999999999738e+00 -8.000000000000000167e-03
6.360979999999999634e+00 -8.000000000000000167e-03
6.280179999999999652e+00 -8.000000000000000167e-03
6.201570000000000249e+00 -8.000000000000000167e-03
6.105050000000000310e+00 -8.000000000000000167e-03
5.968670000000000364e+00 -8.000000000000000167e-03
5.878120000000000012e+00 -8.000000000000000167e-03
5.802830000000000155e+00 -8.000000000000000167e-03
5.708109999999999573e+00 -8.000000000000000167e-03
5.582189999999999763e+00 -8.000000000000000167e-03
5.479119999999999990e+00 -8.000000000000000167e-03
5.372440000000000104e+00 -8.000000000000000167e-03
5.261330000000000062e+00 -8.000000000000000167e-03
5.171669999999999767e+00 -8.000000000000000167e-03
5.079589999999999606e+00 -8.000000000000000167e-03
4.967699999999999783e+00 -8.000000000000000167e-03
4.883539999999999992e+00 -8.000000000000000167e-03
4.822479999999999656e+00 -8.000000000000000167e-03
4.776150000000000340e+00 -8.000000000000000167e-03
4.753700000000000259e+00 -8.000000000000000167e-03
4.753730000000000011e+00 -8.000000000000000167e-03
4.759319999999999773e+00 -8.000000000000000167e-03
4.743479999999999919e+00 -8.000000000000000167e-03
4.687549999999999883e+00 -8.000000000000000167e-03
4.592369999999999841e+00 -8.000000000000000167e-03
4.507069999999999688e+00 -8.000000000000000167e-03
4.455460000000000420e+00 -8.000000000000000167e-03
4.444860000000000255e+00 -8.000000000000000167e-03
4.497239999999999682e+00 -8.000000000000000167e-03
4.631579999999999586e+00 -8.000000000000000167e-03
4.849319999999999631e+00 -8.000000000000000167e-03
5.130690000000000417e+00 -8.000000000000000167e-03
5.403710000000000235e+00 -8.000000000000000167e-03
5.572390000000000398e+00 -8.000000000000000167e-03
5.557400000000000340e+00 -8.000000000000000167e-03
5.518869999999999720e+00 -8.000000000000000167e-03
5.623000000000000220e+00 -8.000000000000000167e-03
5.780050000000000132e+00 -8.000000000000000167e-03
5.921140000000000292e+00 -8.000000000000000167e-03
6.021250000000000213e+00 -8.000000000000000167e-03
6.084509999999999863e+00 -8.000000000000000167e-03
6.125910000000000188e+00 -8.000000000000000167e-03
6.155380000000000074e+00 -8.000000000000000167e-03
6.162919999999999732e+00 -8.000000000000000167e-03
6.130639999999999645e+00 -8.000000000000000167e-03
6.030920000000000059e+00 -8.000000000000000167e-03
5.934849999999999959e+00 -8.000000000000000167e-03
5.903710000000000235e+00 -8.000000000000000167e-03
5.904480000000000395e+00 -8.000000000000000167e-03
5.913680000000000270e+00 -8.000000000000000167e-03
5.919859999999999900e+00 -8.000000000000000167e-03
5.923110000000000319e+00 -8.000000000000000167e-03
5.906670000000000087e+00 -8.000000000000000167e-03
5.849280000000000257e+00 -8.000000000000000167e-03
5.727890000000000370e+00 -8.000000000000000167e-03
5.655719999999999636e+00 -8.000000000000000167e-03
5.633239999999999803e+00 -8.000000000000000167e-03
5.634380000000000166e+00 -8.000000000000000167e-03
5.642669999999999852e+00 -8.000000000000000167e-03
5.657720000000000304e+00 -8.000000000000000167e-03
5.682030000000000136e+00 -8.000000000000000167e-03
5.721379999999999910e+00 -8.000000000000000167e-03
5.758770000000000167e+00 -8.000000000000000167e-03
5.776370000000000005e+00 -8.000000000000000167e-03
5.738179999999999836e+00 -8.000000000000000167e-03
5.622169999999999668e+00 -8.000000000000000167e-03
5.571570000000000356e+00 -8.000000000000000167e-03
5.592089999999999783e+00 -8.000000000000000167e-03
5.646010000000000417e+00 -8.000000000000000167e-03
5.705720000000000347e+00 -8.000000000000000167e-03
5.761820000000000164e+00 -8.000000000000000167e-03
5.831909999999999705e+00 -8.000000000000000167e-03
5.939079999999999693e+00 -8.000000000000000167e-03
6.093289999999999651e+00 -8.000000000000000167e-03
6.293680000000000163e+00 -8.000000000000000167e-03
6.513069999999999915e+00 -8.000000000000000167e-03
6.707589999999999719e+00 -8.000000000000000167e-03
6.794679999999999609e+00 -8.000000000000000167e-03
6.696130000000000138e+00 -8.000000000000000167e-03
6.731259999999999799e+00 -8.000000000000000167e-03
6.976869999999999905e+00 -8.000000000000000167e-03
7.329699999999999882e+00 -8.000000000000000167e-03
7.667679999999999829e+00 -8.000000000000000167e-03
7.903209999999999624e+00 -8.000000000000000167e-03
8.013970000000000482e+00 -8.000000000000000167e-03
8.018430000000000391e+00 -8.000000000000000167e-03
7.931849999999999845e+00 -8.000000000000000167e-03
7.757450000000000401e+00 -8.000000000000000167e-03
7.695940000000000225e+00 -8.000000000000000167e-03
7.734569999999999723e+00 -8.000000000000000167e-03
7.820560000000000400e+00 -8.000000000000000167e-03
7.885900000000000354e+00 -8.000000000000000167e-03
7.878490000000000215e+00 -8.000000000000000167e-03
7.787919999999999732e+00 -8.000000000000000167e-03
7.628599999999999604e+00 -8.000000000000000167e-03
7.495390000000000441e+00 -8.000000000000000167e-03
7.414299999999999891e+00 -8.000000000000000167e-03
7.381450000000000067e+00 -8.000000000000000167e-03
7.382380000000000386e+00 -8.000000000000000167e-03
7.389549999999999841e+00 -8.000000000000000167e-03
7.375750000000000028e+00 -8.000000000000000167e-03
7.320129999999999804e+00 -8.000000000000000167e-03
7.215889999999999915e+00 -8.000000000000000167e-03
7.060050000000000381e+00 -8.000000000000000167e-03
6.935120000000000395e+00 -8.000000000000000167e-03
6.831089999999999662e+00 -8.000000000000000167e-03
6.721160000000000245e+00 -8.000000000000000167e-03
6.585709999999999731e+00 -8.000000000000000167e-03
6.462110000000000021e+00 -8.000000000000000167e-03
6.375860000000000305e+00 -8.000000000000000167e-03
6.320299999999999585e+00 -8.000000000000000167e-03
6.256910000000000416e+00 -8.000000000000000167e-03
6.157969999999999722e+00 -8.000000000000000167e-03
6.042239999999999611e+00 -8.000000000000000167e-03
5.988920000000000243e+00 -8.000000000000000167e-03
5.982389999999999652e+00 -8.000000000000000167e-03
5.997630000000000017e+00 -8.000000000000000167e-03
6.011359999999999815e+00 -8.000000000000000167e-03
5.991349999999999731e+00 -8.000000000000000167e-03
5.922629999999999839e+00 -8.000000000000000167e-03
5.810620000000000118e+00 -8.000000000000000167e-03
5.696439999999999948e+00 -8.000000000000000167e-03
5.615789999999999615e+00 -8.000000000000000167e-03
5.599630000000000329e+00 -8.000000000000000167e-03
5.661900000000000155e+00 -8.000000000000000167e-03
5.818120000000000402e+00 -8.000000000000000167e-03
6.048960000000000115e+00 -8.000000000000000167e-03
6.273150000000000226e+00 -8.000000000000000167e-03
6.353839999999999932e+00 -8.000000000000000167e-03
6.238979999999999748e+00 -8.000000000000000167e-03
6.382290000000000241e+00 -8.000000000000000167e-03
6.665949999999999598e+00 -8.000000000000000167e-03
6.938939999999999664e+00 -8.000000000000000167e-03
7.104320000000000412e+00 -8.000000000000000167e-03
7.156279999999999752e+00 -8.000000000000000167e-03
7.135919999999999597e+00 -8.000000000000000167e-03
7.082519999999999705e+00 -8.000000000000000167e-03
7.000130000000000408e+00 -8.000000000000000167e-03
6.874660000000000437e+00 -8.000000000000000167e-03
6.747550000000000381e+00 -8.000000000000000167e-03
6.669419999999999682e+00 -8.000000000000000167e-03
6.607820000000000249e+00 -8.000000000000000167e-03
6.528139999999999610e+00 -8.000000000000000167e-03
6.420160000000000089e+00 -8.000000000000000167e-03
6.296689999999999898e+00 -8.000000000000000167e-03
6.181339999999999613e+00 -8.000000000000000167e-03
6.081269999999999953e+00 -8.000000000000000167e-03
5.984180000000000277e+00 -8.000000000000000167e-03
5.868000000000000327e+00 -8.000000000000000167e-03
5.760399999999999743e+00 -8.000000000000000167e-03
5.699430000000000440e+00 -8.000000000000000167e-03
5.670340000000000380e+00 -8.000000000000000167e-03
5.637330000000000396e+00 -8.000000000000000167e-03
5.567969999999999864e+00 -8.000000000000000167e-03
5.447549999999999670e+00 -8.000000000000000167e-03
5.363129999999999953e+00 -8.000000000000000167e-03
5.290009999999999657e+00 -8.000000000000000167e-03
5.205530000000000435e+00 -8.000000000000000167e-03
5.103349999999999831e+00 -8.000000000000000167e-03
4.997469999999999857e+00 -8.000000000000000167e-03
4.897219999999999906e+00 -8.000000000000000167e-03
4.799100000000000144e+00 -8.000000000000000167e-03
4.706080000000000041e+00 -8.000000000000000167e-03
4.661970000000000169e+00 -8.000000000000000167e-03
4.673589999999999911e+00 -8.000000000000000167e-03
4.701290000000000191e+00 -8.000000000000000167e-03
4.691639999999999588e+00 -8.000000000000000167e-03
4.591109999999999580e+00 -8.000000000000000167e-03
4.580079999999999707e+00 -8.000000000000000167e-03
4.627950000000000230e+00 -8.000000000000000167e-03
4.668479999999999741e+00 -8.000000000000000167e-03
4.655739999999999768e+00 -8.000000000000000167e-03
4.588659999999999961e+00 -8.000000000000000167e-03
4.487009999999999721e+00 -8.000000000000000167e-03
4.410490000000000244e+00 -8.000000000000000167e-03
4.354070000000000107e+00 -8.000000000000000167e-03
4.310889999999999667e+00 -8.000000000000000167e-03
4.248780000000000001e+00 -8.000000000000000167e-03
4.169469999999999565e+00 -8.000000000000000167e-03
4.157029999999999781e+00 -8.000000000000000167e-03
4.215119999999999756e+00 -8.000000000000000167e-03
4.367560000000000109e+00 -8.000000000000000167e-03
4.658479999999999954e+00 -8.000000000000000167e-03
5.076649999999999885e+00 -8.000000000000000167e-03
5.492049999999999876e+00 -8.000000000000000167e-03
5.691390000000000171e+00 -8.000000000000000167e-03
5.605190000000000339e+00 -8.000000000000000167e-03
5.863339999999999996e+00 -8.000000000000000167e-03
6.271950000000000358e+00 -8.000000000000000167e-03
6.632380000000000386e+00 -8.000000000000000167e-03
6.858530000000000015e+00 -8.000000000000000167e-03
6.991920000000000357e+00 -8.000000000000000167e-03
7.084520000000000373e+00 -8.000000000000000167e-03
7.132600000000000051e+00 -8.000000000000000167e-03
7.081690000000000040e+00 -8.000000000000000167e-03
6.951570000000000249e+00 -8.000000000000000167e-03
6.944700000000000095e+00 -8.000000000000000167e-03
6.997729999999999784e+00 -8.000000000000000167e-03
7.038249999999999673e+00 -8.000000000000000167e-03
7.019899999999999807e+00 -8.000000000000000167e-03
6.936499999999999666e+00 -8.000000000000000167e-03
6.799269999999999925e+00 -8.000000000000000167e-03
6.661340000000000039e+00 -8.000000000000000167e-03
6.569939999999999891e+00 -8.000000000000000167e-03
6.541400000000000325e+00 -8.000000000000000167e-03
6.574150000000000382e+00 -8.000000000000000167e-03
6.635270000000000223e+00 -8.000000000000000167e-03
6.657610000000000028e+00 -8.000000000000000167e-03
6.599280000000000257e+00 -8.000000000000000167e-03
6.458389999999999631e+00 -8.000000000000000167e-03
6.362980000000000302e+00 -8.000000000000000167e-03
6.298210000000000086e+00 -8.000000000000000167e-03
6.256750000000000256e+00 -8.000000000000000167e-03
6.246640000000000192e+00 -8.000000000000000167e-03
6.262209999999999610e+00 -8.000000000000000167e-03
6.277110000000000412e+00 -8.000000000000000167e-03
6.258589999999999876e+00 -8.000000000000000167e-03
6.190220000000000056e+00 -8.000000000000000167e-03
6.077280000000000015e+00 -8.000000000000000167e-03
5.959920000000000329e+00 -8.000000000000000167e-03
5.918020000000000280e+00 -8.000000000000000167e-03
5.972590000000000288e+00 -8.000000000000000167e-03
6.096700000000000230e+00 -8.000000000000000167e-03
6.199209999999999887e+00 -1.000000000000000021e-02
6.175060000000000215e+00 -1.000000000000000021e-02
6.071880000000000166e+00 -1.000000000000000021e-02
6.074150000000000382e+00 -1.000000000000000021e-02
6.094389999999999752e+00 -1.000000000000000021e-02
6.086310000000000109e+00 -1.000000000000000021e-02
6.033140000000000391e+00 -1.000000000000000021e-02
5.915899999999999714e+00 -1.000000000000000021e-02
5.852520000000000167e+00 -8.000000000000000167e-03
5.862580000000000346e+00 -8.000000000000000167e-03
5.881020000000000358e+00 -8.000000000000000167e-03
5.837320000000000064e+00 -8.000000000000000167e-03
5.707270000000000287e+00 -8.000000000000000167e-03
5.648819999999999730e+00 -8.000000000000000167e-03
5.654690000000000438e+00 -8.000000000000000167e-03
5.735009999999999941e+00 -8.000000000000000167e-03
5.896690000000000431e+00 -8.000000000000000167e-03
6.138749999999999929e+00 -8.000000000000000167e-03
6.452169999999999739e+00 -8.000000000000000167e-03
6.833960000000000257e+00 -8.000000000000000167e-03
7.214780000000000193e+00 -8.000000000000000167e-03
7.438340000000000174e+00 -8.000000000000000167e-03
7.320269999999999833e+00 -8.000000000000000167e-03
7.513659999999999783e+00 -8.000000000000000167e-03
8.002439999999999998e+00 -8.000000000000000167e-03
8.557669999999999888e+00 -8.000000000000000167e-03
8.999409999999999243e+00 -8.000000000000000167e-03
9.259029999999999205e+00 -8.000000000000000167e-03
9.347970000000000113e+00 -8.000000000000000167e-03
9.282410000000000494e+00 -8.000000000000000167e-03
9.082119999999999749e+00 -8.000000000000000167e-03
9.034140000000000725e+00 -1.000000000000000021e-02
9.099360000000000781e+00 -1.000000000000000021e-02
9.212619999999999365e+00 -1.000000000000000021e-02
9.293519999999999115e+00 -1.000000000000000021e-02
9.273820000000000618e+00 -1.000000000000000021e-02
9.133089999999999264e+00 -1.000000000000000021e-02
8.955880000000000507e+00 -1.000000000000000021e-02
8.833489999999999398e+00 -1.000000000000000021e-02
8.747490000000000876e+00 -1.000000000000000021e-02
8.717460000000000875e+00 -1.000000000000000021e-02
8.751279999999999504e+00 -1.000000000000000021e-02
8.811210000000000875e+00 -1.000000000000000021e-02
8.837030000000000385e+00 -1.000000000000000021e-02
8.780219999999999914e+00 -1.000000000000000021e-02
8.633290000000000575e+00 -1.000000000000000021e-02
8.475799999999999557e+00 -1.000000000000000021e-02
8.394619999999999749e+00 -1.000000000000000021e-02
8.366070000000000562e+00 -1.000000000000000021e-02
8.349449999999999150e+00 -1.000000000000000021e-02
8.320719999999999672e+00 -1.000000000000000021e-02
8.277990000000000848e+00 -1.000000000000000021e-02
8.248889999999999390e+00 -1.000000000000000021e-02
8.232549999999999812e+00 -1.000000000000000021e-02
8.198190000000000310e+00 -1.000000000000000021e-02
8.092919999999999447e+00 -1.000000000000000021e-02
7.938240000000000407e+00 -1.000000000000000021e-02
7.882249999999999979e+00 -1.000000000000000021e-02
7.884890000000000398e+00 -1.000000000000000021e-02
7.900520000000000209e+00 -1.000000000000000021e-02
7.899989999999999846e+00 -1.000000000000000021e-02
7.874729999999999563e+00 -1.000000000000000021e-02
7.821729999999999627e+00 -1.000000000000000021e-02
7.729790000000000383e+00 -1.000000000000000021e-02
7.575429999999999886e+00 -1.000000000000000021e-02
7.463320000000000398e+00 -1.000000000000000021e-02
7.416290000000000049e+00 -1.000000000000000021e-02
7.371059999999999945e+00 -1.000000000000000021e-02
7.260369999999999990e+00 -1.000000000000000021e-02
7.148329999999999629e+00 -1.000000000000000021e-02
7.102990000000000137e+00 -1.000000000000000021e-02
7.040160000000000196e+00 -1.000000000000000021e-02
6.887050000000000338e+00 -1.000000000000000021e-02
6.819029999999999703e+00 -1.000000000000000021e-02
6.795910000000000117e+00 -1.000000000000000021e-02
6.780310000000000059e+00 -1.000000000000000021e-02
6.787899999999999601e+00 -1.000000000000000021e-02
6.839760000000000062e+00 -1.000000000000000021e-02
6.922299999999999898e+00 -1.000000000000000021e-02
6.988030000000000186e+00 -1.000000000000000021e-02
7.038560000000000372e+00 -1.000000000000000021e-02
7.129199999999999982e+00 -1.000000000000000021e-02
7.296160000000000423e+00 -1.000000000000000021e-02
7.465539999999999843e+00 -1.000000000000000021e-02
7.468440000000000190e+00 -1.000000000000000021e-02
7.436009999999999565e+00 -1.000000000000000021e-02
7.716450000000000031e+00 -1.000000000000000021e-02
8.177880000000000038e+00 -1.000000000000000021e-02
8.639089999999999492e+00 -1.000000000000000021e-02
8.958320000000000505e+00 -1.000000000000000021e-02
9.062680000000000291e+00 -1.000000000000000021e-02
8.951990000000000336e+00 -1.000000000000000021e-02
8.820859999999999701e+00 -1.000000000000000021e-02
8.785030000000000783e+00 -1.000000000000000021e-02
8.783870000000000289e+00 -1.000000000000000021e-02
8.783490000000000464e+00 -1.000000000000000021e-02
8.761100000000000776e+00 -1.000000000000000021e-02
8.693590000000000373e+00 -1.000000000000000021e-02
8.568649999999999878e+00 -1.000000000000000021e-02
8.392950000000000799e+00 -1.000000000000000021e-02
8.222889999999999588e+00 -1.000000000000000021e-02
8.098390000000000200e+00 -1.000000000000000021e-02
8.028560000000000585e+00 -1.000000000000000021e-02
8.022050000000000125e+00 -1.000000000000000021e-02
8.051840000000000330e+00 -1.000000000000000021e-02
8.074719999999999231e+00 -1.000000000000000021e-02
8.054159999999999542e+00 -1.000000000000000021e-02
7.960980000000000167e+00 -1.000000000000000021e-02
7.786100000000000243e+00 -1.000000000000000021e-02
7.687020000000000408e+00 -1.000000000000000021e-02
7.644739999999999647e+00 -1.000000000000000021e-02
7.629450000000000287e+00 -1.000000000000000021e-02
7.624620000000000175e+00 -1.000000000000000021e-02
7.626290000000000013e+00 -1.000000000000000021e-02
7.623549999999999827e+00 -1.000000000000000021e-02
7.598869999999999791e+00 -1.000000000000000021e-02
7.536970000000000169e+00 -1.000000000000000021e-02
7.433159999999999989e+00 -1.000000000000000021e-02
7.285790000000000433e+00 -1.000000000000000021e-02
7.157969999999999722e+00 -1.000000000000000021e-02
7.085560000000000080e+00 -1.000000000000000021e-02
7.040860000000000340e+00 -1.000000000000000021e-02
6.989609999999999879e+00 -1.000000000000000021e-02
6.912449999999999761e+00 -1.000000000000000021e-02
6.835309999999999775e+00 -1.000000000000000021e-02
6.786050000000000360e+00 -1.000000000000000021e-02
6.760100000000000442e+00 -1.000000000000000021e-02
6.718350000000000044e+00 -1.000000000000000021e-02
6.609110000000000262e+00 -1.000000000000000021e-02
6.488870000000000360e+00 -1.000000000000000021e-02
6.397490000000000343e+00 -1.000000000000000021e-02
6.272170000000000023e+00 -1.000000000000000021e-02
6.171759999999999913e+00 -1.000000000000000021e-02
6.108139999999999681e+00 -1.000000000000000021e-02
6.031030000000000335e+00 -1.000000000000000021e-02
5.911640000000000228e+00 -1.000000000000000021e-02
5.809770000000000323e+00 -1.000000000000000021e-02
5.754889999999999617e+00 -1.000000000000000021e-02
5.753280000000000172e+00 -1.000000000000000021e-02
5.802330000000000432e+00 -1.000000000000000021e-02
5.873549999999999827e+00 -1.000000000000000021e-02
5.919550000000000090e+00 -1.000000000000000021e-02
5.917309999999999626e+00 -1.000000000000000021e-02
5.884509999999999685e+00 -1.000000000000000021e-02
5.845279999999999809e+00 -1.000000000000000021e-02
5.822320000000000384e+00 -1.000000000000000021e-02
5.828610000000000291e+00 -1.000000000000000021e-02
5.901510000000000034e+00 -1.000000000000000021e-02
6.057089999999999641e+00 -1.000000000000000021e-02
6.245180000000000398e+00 -1.000000000000000021e-02
6.328909999999999592e+00 -1.000000000000000021e-02
6.205560000000000187e+00 -1.000000000000000021e-02
6.378770000000000273e+00 -1.000000000000000021e-02
6.759990000000000165e+00 -1.000000000000000021e-02
7.188990000000000435e+00 -1.000000000000000021e-02
7.521799999999999820e+00 -1.000000000000000021e-02
7.679999999999999716e+00 -1.000000000000000021e-02
7.658500000000000085e+00 -1.000000000000000021e-02
7.496299999999999741e+00 -1.000000000000000021e-02
7.407600000000000406e+00 -1.000000000000000021e-02
7.363769999999999705e+00 -1.000000000000000021e-02
7.341330000000000133e+00 -1.000000000000000021e-02
7.320680000000000298e+00 -1.000000000000000021e-02
7.284209999999999852e+00 -1.000000000000000021e-02
7.211739999999999817e+00 -1.000000000000000021e-02
7.094780000000000086e+00 -1.000000000000000021e-02
6.942750000000000199e+00 -1.000000000000000021e-02
6.809960000000000235e+00 -1.000000000000000021e-02
6.715950000000000308e+00 -1.000000000000000021e-02
6.670429999999999637e+00 -1.000000000000000021e-02
6.678630000000000067e+00 -1.000000000000000021e-02
6.723230000000000040e+00 -1.000000000000000021e-02
6.770739999999999981e+00 -1.000000000000000021e-02
6.772809999999999775e+00 -1.000000000000000021e-02
6.687839999999999563e+00 -1.000000000000000021e-02
6.584209999999999674e+00 -1.000000000000000021e-02
6.577729999999999855e+00 -1.000000000000000021e-02
6.622869999999999813e+00 -1.000000000000000021e-02
6.662329999999999863e+00 -1.000000000000000021e-02
6.674470000000000347e+00 -1.000000000000000021e-02
6.652250000000000441e+00 -1.000000000000000021e-02
6.611909999999999954e+00 -1.000000000000000021e-02
6.561169999999999725e+00 -1.000000000000000021e-02
6.496590000000000309e+00 -1.000000000000000021e-02
6.394879999999999676e+00 -1.000000000000000021e-02
6.278660000000000352e+00 -1.000000000000000021e-02
6.248890000000000278e+00 -1.000000000000000021e-02
6.267699999999999605e+00 -8.000000000000000167e-03
6.270400000000000418e+00 -8.000000000000000167e-03
6.206540000000000390e+00 -8.000000000000000167e-03
6.097380000000000244e+00 -8.000000000000000167e-03
5.993699999999999584e+00 -8.000000000000000167e-03
5.936530000000000307e+00 -8.000000000000000167e-03
5.902149999999999785e+00 -8.000000000000000167e-03
5.840720000000000134e+00 -8.000000000000000167e-03
5.726689999999999614e+00 -8.000000000000000167e-03
5.610380000000000145e+00 -8.000000000000000167e-03
5.495239999999999903e+00 -8.000000000000000167e-03
5.434630000000000294e+00 -8.000000000000000167e-03
5.413140000000000285e+00 -8.000000000000000167e-03
5.381859999999999644e+00 -8.000000000000000167e-03
5.295519999999999783e+00 -8.000000000000000167e-03
5.214909999999999712e+00 -8.000000000000000167e-03
5.197040000000000326e+00 -8.000000000000000167e-03
5.218449999999999811e+00 -8.000000000000000167e-03
5.270139999999999603e+00 -8.000000000000000167e-03
5.344199999999999839e+00 -8.000000000000000167e-03
5.427240000000000286e+00 -8.000000000000000167e-03
5.486419999999999852e+00 -8.000000000000000167e-03
5.497040000000000148e+00 -8.000000000000000167e-03
5.464599999999999902e+00 -8.000000000000000167e-03
5.404090000000000060e+00 -8.000000000000000167e-03
5.329340000000000188e+00 -8.000000000000000167e-03
5.244740000000000180e+00 -8.000000000000000167e-03
5.178650000000000198e+00 -8.000000000000000167e-03
5.201279999999999681e+00 -8.000000000000000167e-03
5.357120000000000104e+00 -8.000000000000000167e-03
5.599549999999999805e+00 -8.000000000000000167e-03
5.772039999999999615e+00 -8.000000000000000167e-03
5.703520000000000145e+00 -8.000000000000000167e-03
5.828599999999999781e+00 -8.000000000000000167e-03
6.197400000000000020e+00 -8.000000000000000167e-03
6.639370000000000438e+00 -8.000000000000000167e-03
6.996699999999999697e+00 -8.000000000000000167e-03
7.172189999999999621e+00 -8.000000000000000167e-03
7.157390000000000363e+00 -8.000000000000000167e-03
6.998109999999999609e+00 -8.000000000000000167e-03
6.922480000000000189e+00 -8.000000000000000167e-03
6.875429999999999708e+00 -8.000000000000000167e-03
6.828090000000000437e+00 -8.000000000000000167e-03
6.775310000000000166e+00 -8.000000000000000167e-03
6.704679999999999751e+00 -8.000000000000000167e-03
6.598390000000000200e+00 -8.000000000000000167e-03
6.458789999999999587e+00 -8.000000000000000167e-03
6.365190000000000126e+00 -8.000000000000000167e-03
6.299579999999999735e+00 -8.000000000000000167e-03
6.260309999999999597e+00 -8.000000000000000167e-03
6.254430000000000156e+00 -8.000000000000000167e-03
6.281480000000000175e+00 -8.000000000000000167e-03
6.303849999999999731e+00 -8.000000000000000167e-03
6.269210000000000171e+00 -8.000000000000000167e-03
6.140850000000000364e+00 -8.000000000000000167e-03
6.089170000000000194e+00 -8.000000000000000167e-03
6.112330000000000041e+00 -8.000000000000000167e-03
6.177270000000000039e+00 -8.000000000000000167e-03
6.241299999999999848e+00 -8.000000000000000167e-03
6.273150000000000226e+00 -8.000000000000000167e-03
6.249990000000000379e+00 -8.000000000000000167e-03
6.176739999999999675e+00 -8.000000000000000167e-03
6.073479999999999990e+00 -8.000000000000000167e-03
5.956590000000000273e+00 -8.000000000000000167e-03
5.828459999999999752e+00 -8.000000000000000167e-03
5.718729999999999869e+00 -8.000000000000000167e-03
5.643600000000000172e+00 -8.000000000000000167e-03
5.596599999999999575e+00 -8.000000000000000167e-03
5.556140000000000079e+00 -8.000000000000000167e-03
5.498059999999999725e+00 -8.000000000000000167e-03
5.405960000000000321e+00 -8.000000000000000167e-03
5.291100000000000136e+00 -8.000000000000000167e-03
5.180760000000000254e+00 -8.000000000000000167e-03
5.101270000000000415e+00 -8.000000000000000167e-03
5.052609999999999602e+00 -8.000000000000000167e-03
5.006269999999999776e+00 -8.000000000000000167e-03
4.944009999999999572e+00 -8.000000000000000167e-03
4.873359999999999914e+00 -8.000000000000000167e-03
4.832160000000000011e+00 -8.000000000000000167e-03
4.833239999999999981e+00 -8.000000000000000167e-03
4.855109999999999815e+00 -8.000000000000000167e-03
4.850869999999999571e+00 -8.000000000000000167e-03
4.788660000000000139e+00 -8.000000000000000167e-03
4.692350000000000243e+00 -8.000000000000000167e-03
4.647120000000000140e+00 -8.000000000000000167e-03
4.649939999999999962e+00 -8.000000000000000167e-03
4.702069999999999972e+00 -8.000000000000000167e-03
4.786970000000000169e+00 -8.000000000000000167e-03
4.868319999999999759e+00 -8.000000000000000167e-03
4.909769999999999968e+00 -8.000000000000000167e-03
4.901030000000000442e+00 -8.000000000000000167e-03
4.848160000000000025e+00 -8.000000000000000167e-03
4.764120000000000132e+00 -8.000000000000000167e-03
4.662399999999999878e+00 -8.000000000000000167e-03
4.558580000000000076e+00 -8.000000000000000167e-03
4.480299999999999727e+00 -8.000000000000000167e-03
4.457270000000000287e+00 -8.000000000000000167e-03
4.523579999999999934e+00 -8.000000000000000167e-03
4.696649999999999991e+00 -8.000000000000000167e-03
4.957370000000000054e+00 -8.000000000000000167e-03
5.212329999999999686e+00 -8.000000000000000167e-03
5.317560000000000286e+00 -8.000000000000000167e-03
5.247150000000000425e+00 -8.000000000000000167e-03
5.473679999999999879e+00 -8.000000000000000167e-03
5.888219999999999565e+00 -8.000000000000000167e-03
6.318629999999999747e+00 -8.000000000000000167e-03
6.620589999999999975e+00 -8.000000000000000167e-03
6.726320000000000299e+00 -8.000000000000000167e-03
6.644339999999999691e+00 -8.000000000000000167e-03
6.566040000000000099e+00 -8.000000000000000167e-03
6.561960000000000015e+00 -8.000000000000000167e-03
6.562610000000000277e+00 -8.000000000000000167e-03
6.526749999999999829e+00 -8.000000000000000167e-03
6.443229999999999791e+00 -8.000000000000000167e-03
6.319560000000000066e+00 -8.000000000000000167e-03
6.192059999999999675e+00 -8.000000000000000167e-03
6.116660000000000430e+00 -8.000000000000000167e-03
6.103799999999999670e+00 -8.000000000000000167e-03
6.151889999999999858e+00 -8.000000000000000167e-03
6.230279999999999596e+00 -8.000000000000000167e-03
6.286950000000000038e+00 -8.000000000000000167e-03
6.267489999999999561e+00 -8.000000000000000167e-03
6.138139999999999930e+00 -8.000000000000000167e-03
6.094909999999999606e+00 -8.000000000000000167e-03
6.128829999999999778e+00 -8.000000000000000167e-03
6.184840000000000337e+00 -8.000000000000000167e-03
6.227039999999999687e+00 -8.000000000000000167e-03
6.226569999999999716e+00 -8.000000000000000167e-03
6.182050000000000267e+00 -8.000000000000000167e-03
6.105570000000000164e+00 -8.000000000000000167e-03
6.008659999999999890e+00 -8.000000000000000167e-03
5.900310000000000166e+00 -8.000000000000000167e-03
5.774589999999999890e+00 -8.000000000000000167e-03
5.658929999999999794e+00 -8.000000000000000167e-03
5.558849999999999625e+00 -8.000000000000000167e-03
5.462600000000000122e+00 -8.000000000000000167e-03
5.364559999999999995e+00 -8.000000000000000167e-03
5.259310000000000151e+00 -8.000000000000000167e-03
5.145270000000000010e+00 -8.000000000000000167e-03
5.069549999999999557e+00 -8.000000000000000167e-03
5.030569999999999986e+00 -8.000000000000000167e-03
4.995180000000000398e+00 -8.000000000000000167e-03
4.921280000000000321e+00 -8.000000000000000167e-03
4.838940000000000019e+00 -8.000000000000000167e-03
4.816209999999999880e+00 -8.000000000000000167e-03
4.829449999999999577e+00 -8.000000000000000167e-03
4.857649999999999579e+00 -8.000000000000000167e-03
4.896740000000000315e+00 -8.000000000000000167e-03
4.934809999999999697e+00 -8.000000000000000167e-03
4.957980000000000054e+00 -8.000000000000000167e-03
4.944790000000000241e+00 -8.000000000000000167e-03
4.883519999999999861e+00 -8.000000000000000167e-03
4.780619999999999870e+00 -8.000000000000000167e-03
4.734740000000000393e+00 -8.000000000000000167e-03
4.737860000000000404e+00 -8.000000000000000167e-03
4.777029999999999887e+00 -8.000000000000000167e-03
4.834310000000000329e+00 -8.000000000000000167e-03
4.887439999999999785e+00 -8.000000000000000167e-03
4.911940000000000417e+00 -8.000000000000000167e-03
4.883919999999999817e+00 -8.000000000000000167e-03
4.802669999999999995e+00 -8.000000000000000167e-03
4.713910000000000267e+00 -8.000000000000000167e-03
4.646829999999999572e+00 -8.000000000000000167e-03
4.585560000000000080e+00 -8.000000000000000167e-03
4.512719999999999843e+00 -8.000000000000000167e-03
4.418269999999999698e+00 -8.000000000000000167e-03
4.354519999999999946e+00 -8.000000000000000167e-03
4.360269999999999868e+00 -8.000000000000000167e-03
4.472819999999999574e+00 -8.000000000000000167e-03
4.715840000000000032e+00 -8.000000000000000167e-03
5.062619999999999898e+00 -8.000000000000000167e-03
5.403330000000000410e+00 -8.000000000000000167e-03
5.568389999999999951e+00 -8.000000000000000167e-03
5.465620000000000367e+00 -8.000000000000000167e-03
5.702980000000000160e+00 -8.000000000000000167e-03
6.162309999999999732e+00 -8.000000000000000167e-03
6.659340000000000259e+00 -8.000000000000000167e-03
7.020150000000000112e+00 -8.000000000000000167e-03
7.160519999999999996e+00 -8.000000000000000167e-03
7.076749999999999652e+00 -8.000000000000000167e-03
6.993570000000000064e+00 -8.000000000000000167e-03
6.978629999999999889e+00 -8.000000000000000167e-03
6.959800000000000431e+00 -6.000000000000000125e-03
6.915709999999999802e+00 -6.000000000000000125e-03
6.853069999999999773e+00 -6.000000000000000125e-03
6.775599999999999845e+00 -6.000000000000000125e-03
6.656690000000000218e+00 -6.000000000000000125e-03
6.548809999999999576e+00 -6.000000000000000125e-03
6.536929999999999907e+00 -6.000000000000000125e-03
6.593370000000000175e+00 -6.000000000000000125e-03
6.669340000000000046e+00 -6.000000000000000125e-03
6.704360000000000319e+00 -6.000000000000000125e-03
6.651209999999999845e+00 -6.000000000000000125e-03
6.511079999999999757e+00 -6.000000000000000125e-03
6.466459999999999653e+00 -6.000000000000000125e-03
6.468530000000000335e+00 -8.000000000000000167e-03
6.470110000000000028e+00 -8.000000000000000167e-03
6.441370000000000040e+00 -8.000000000000000167e-03
6.379929999999999879e+00 -8.000000000000000167e-03
6.298899999999999721e+00 -8.000000000000000167e-03
6.209559999999999746e+00 -8.000000000000000167e-03
6.111950000000000216e+00 -8.000000000000000167e-03
5.990590000000000082e+00 -8.000000000000000167e-03
5.876789999999999736e+00 -8.000000000000000167e-03
5.799330000000000318e+00 -8.000000000000000167e-03
5.730760000000000076e+00 -8.000000000000000167e-03
5.643220000000000347e+00 -8.000000000000000167e-03
5.526980000000000004e+00 -8.000000000000000167e-03
5.423849999999999838e+00 -8.000000000000000167e-03
5.350179999999999936e+00 -6.000000000000000125e-03
5.310760000000000147e+00 -6.000000000000000125e-03
5.297799999999999621e+00 -6.000000000000000125e-03
5.284379999999999633e+00 -6.000000000000000125e-03
5.241299999999999848e+00 -6.000000000000000125e-03
5.150129999999999875e+00 -6.000000000000000125e-03
5.051300000000000345e+00 -6.000000000000000125e-03
4.994299999999999962e+00 -6.000000000000000125e-03
4.985079999999999956e+00 -6.000000000000000125e-03
5.038459999999999717e+00 -6.000000000000000125e-03
5.148240000000000371e+00 -6.000000000000000125e-03
5.282510000000000261e+00 -6.000000000000000125e-03
5.382859999999999978e+00 -6.000000000000000125e-03
5.402969999999999828e+00 -6.000000000000000125e-03
5.313380000000000436e+00 -6.000000000000000125e-03
5.265789999999999971e+00 -6.000000000000000125e-03
5.297430000000000305e+00 -6.000000000000000125e-03
5.368229999999999613e+00 -6.000000000000000125e-03
5.435349999999999682e+00 -6.000000000000000125e-03
5.463680000000000092e+00 -6.000000000000000125e-03
5.433130000000000237e+00 -6.000000000000000125e-03
5.345839999999999925e+00 -6.000000000000000125e-03
5.231550000000000367e+00 -6.000000000000000125e-03
5.140640000000000320e+00 -6.000000000000000125e-03
5.063229999999999897e+00 -6.000000000000000125e-03
4.997709999999999653e+00 -6.000000000000000125e-03
4.940030000000000143e+00 -6.000000000000000125e-03
4.879649999999999821e+00 -6.000000000000000125e-03
4.801770000000000316e+00 -6.000000000000000125e-03
4.695999999999999730e+00 -6.000000000000000125e-03
4.648489999999999789e+00 -6.000000000000000125e-03
4.674750000000000405e+00 -6.000000000000000125e-03
4.781859999999999999e+00 -6.000000000000000125e-03
4.954970000000000319e+00 -6.000000000000000125e-03
5.177699999999999747e+00 -6.000000000000000125e-03
5.430810000000000137e+00 -6.000000000000000125e-03
5.685360000000000191e+00 -6.000000000000000125e-03
5.866929999999999978e+00 -6.000000000000000125e-03
5.861559999999999881e+00 -6.000000000000000125e-03
5.878829999999999778e+00 -6.000000000000000125e-03
6.176169999999999938e+00 -6.000000000000000125e-03
6.641370000000000218e+00 -6.000000000000000125e-03
7.108810000000000073e+00 -6.000000000000000125e-03
7.428469999999999906e+00 -6.000000000000000125e-03
7.529390000000000249e+00 -6.000000000000000125e-03
7.404320000000000235e+00 -6.000000000000000125e-03
7.362569999999999837e+00 -6.000000000000000125e-03
7.410940000000000083e+00 -6.000000000000000125e-03
7.465360000000000440e+00 -6.000000000000000125e-03
7.474879999999999747e+00 -6.000000000000000125e-03
7.421649999999999636e+00 -6.000000000000000125e-03
7.304380000000000095e+00 -6.000000000000000125e-03
7.158009999999999984e+00 -6.000000000000000125e-03
7.086820000000000341e+00 -6.000000000000000125e-03
7.077069999999999972e+00 -6.000000000000000125e-03
7.106799999999999784e+00 -6.000000000000000125e-03
7.139879999999999782e+00 -6.000000000000000125e-03
7.143419999999999881e+00 -6.000000000000000125e-03
7.087559999999999860e+00 -6.000000000000000125e-03
6.954279999999999795e+00 -6.000000000000000125e-03
6.847509999999999764e+00 -6.000000000000000125e-03
6.798440000000000261e+00 -6.000000000000000125e-03
6.771119999999999806e+00 -6.000000000000000125e-03
6.741410000000000124e+00 -6.000000000000000125e-03
6.691029999999999589e+00 -6.000000000000000125e-03
6.623400000000000176e+00 -6.000000000000000125e-03
6.533940000000000303e+00 -6.000000000000000125e-03
6.433720000000000105e+00 -6.000000000000000125e-03
6.308690000000000353e+00 -6.000000000000000125e-03
6.171190000000000175e+00 -6.000000000000000125e-03
6.069119999999999848e+00 -6.000000000000000125e-03
5.979479999999999684e+00 -6.000000000000000125e-03
5.884839999999999627e+00 -6.000000000000000125e-03
5.761589999999999989e+00 -6.000000000000000125e-03
5.658719999999999750e+00 -6.000000000000000125e-03
5.593119999999999870e+00 -6.000000000000000125e-03
5.558500000000000441e+00 -6.000000000000000125e-03
5.546269999999999811e+00 -6.000000000000000125e-03
5.533949999999999925e+00 -6.000000000000000125e-03
5.494740000000000180e+00 -6.000000000000000125e-03
5.406520000000000437e+00 -6.000000000000000125e-03
5.305460000000000065e+00 -6.000000000000000125e-03
5.251820000000000377e+00 -6.000000000000000125e-03
5.237180000000000391e+00 -6.000000000000000125e-03
5.260229999999999961e+00 -6.000000000000000125e-03
5.321679999999999744e+00 -6.000000000000000125e-03
5.414369999999999905e+00 -6.000000000000000125e-03
5.509360000000000035e+00 -6.000000000000000125e-03
5.564029999999999809e+00 -6.000000000000000125e-03
5.536459999999999937e+00 -6.000000000000000125e-03
5.422030000000000349e+00 -6.000000000000000125e-03
5.408599999999999852e+00 -6.000000000000000125e-03
5.462670000000000137e+00 -6.000000000000000125e-03
5.531189999999999607e+00 -6.000000000000000125e-03
5.576319999999999943e+00 -6.000000000000000125e-03
5.564390000000000391e+00 -6.000000000000000125e-03
5.493529999999999802e+00 -6.000000000000000125e-03
5.372419999999999973e+00 -6.000000000000000125e-03
5.294880000000000031e+00 -6.000000000000000125e-03
5.240739999999999732e+00 -6.000000000000000125e-03
5.194490000000000052e+00 -6.000000000000000125e-03
5.137080000000000091e+00 -6.000000000000000125e-03
5.054190000000000182e+00 -6.000000000000000125e-03
4.946320000000000050e+00 -6.000000000000000125e-03
4.876629999999999576e+00 -6.000000000000000125e-03
4.843149999999999622e+00 -6.000000000000000125e-03
4.839489999999999625e+00 -6.000000000000000125e-03
4.866990000000000371e+00 -6.000000000000000125e-03
4.923399999999999999e+00 -6.000000000000000125e-03
4.992239999999999789e+00 -6.000000000000000125e-03
5.056070000000000064e+00 -6.000000000000000125e-03
5.099140000000000228e+00 -6.000000000000000125e-03
5.135410000000000252e+00 -6.000000000000000125e-03
5.193599999999999994e+00 -6.000000000000000125e-03
5.293000000000000149e+00 -6.000000000000000125e-03
5.402800000000000047e+00 -6.000000000000000125e-03
5.430579999999999963e+00 -6.000000000000000125e-03
5.353240000000000443e+00 -6.000000000000000125e-03
5.531460000000000043e+00 -6.000000000000000125e-03
5.912010000000000431e+00 -6.000000000000000125e-03
6.346610000000000085e+00 -6.000000000000000125e-03
6.666089999999999627e+00 -6.000000000000000125e-03
6.764400000000000190e+00 -6.000000000000000125e-03
6.635659999999999670e+00 -6.000000000000000125e-03
6.619769999999999932e+00 -6.000000000000000125e-03
6.657259999999999955e+00 -6.000000000000000125e-03
6.663310000000000066e+00 -6.000000000000000125e-03
6.601910000000000167e+00 -6.000000000000000125e-03
6.486919999999999575e+00 -6.000000000000000125e-03
6.351210000000000022e+00 -6.000000000000000125e-03
6.209259999999999557e+00 -6.000000000000000125e-03
6.100380000000000358e+00 -6.000000000000000125e-03
6.062789999999999679e+00 -6.000000000000000125e-03
6.105439999999999756e+00 -6.000000000000000125e-03
6.197490000000000165e+00 -6.000000000000000125e-03
6.272160000000000402e+00 -6.000000000000000125e-03
6.269250000000000433e+00 -6.000000000000000125e-03
6.161330000000000418e+00 -6.000000000000000125e-03
6.085939999999999905e+00 -6.000000000000000125e-03
6.071439999999999948e+00 -6.000000000000000125e-03
6.077169999999999739e+00 -6.000000000000000125e-03
6.073780000000000179e+00 -6.000000000000000125e-03
6.052010000000000112e+00 -6.000000000000000125e-03
6.018469999999999764e+00 -6.000000000000000125e-03
5.971960000000000157e+00 -6.000000000000000125e-03
5.904099999999999682e+00 -6.000000000000000125e-03
5.792869999999999742e+00 -6.000000000000000125e-03
5.694869999999999877e+00 -6.000000000000000125e-03
5.640410000000000146e+00 -6.000000000000000125e-03
5.587939999999999685e+00 -6.000000000000000125e-03
5.510320000000000107e+00 -6.000000000000000125e-03
5.395859999999999879e+00 -6.000000000000000125e-03
5.290910000000000224e+00 -6.000000000000000125e-03
5.206070000000000420e+00 -6.000000000000000125e-03
5.147079999999999878e+00 -6.000000000000000125e-03
5.113430000000000142e+00 -6.000000000000000125e-03
5.091129999999999711e+00 -6.000000000000000125e-03
5.043389999999999596e+00 -6.000000000000000125e-03
4.946729999999999627e+00 -6.000000000000000125e-03
4.866089999999999804e+00 -6.000000000000000125e-03
4.811810000000000365e+00 -6.000000000000000125e-03
4.769169999999999909e+00 -6.000000000000000125e-03
4.743780000000000108e+00 -6.000000000000000125e-03
4.759769999999999612e+00 -6.000000000000000125e-03
4.827689999999999593e+00 -6.000000000000000125e-03
4.936659999999999826e+00 -6.000000000000000125e-03
5.045410000000000394e+00 -6.000000000000000125e-03
5.099569999999999936e+00 -6.000000000000000125e-03
5.055990000000000428e+00 -6.000000000000000125e-03
4.981419999999999959e+00 -6.000000000000000125e-03
4.999119999999999564e+00 -6.000000000000000125e-03
5.064680000000000071e+00 -6.000000000000000125e-03
5.137109999999999843e+00 -6.000000000000000125e-03
5.176020000000000287e+00 -6.000000000000000125e-03
5.161380000000000301e+00 -6.000000000000000125e-03
5.090010000000000367e+00 -6.000000000000000125e-03
4.981359999999999566e+00 -6.000000000000000125e-03
4.878420000000000201e+00 -6.000000000000000125e-03
4.783619999999999983e+00 -6.000000000000000125e-03
4.695330000000000226e+00 -6.000000000000000125e-03
4.617639999999999745e+00 -6.000000000000000125e-03
4.533070000000000377e+00 -6.000000000000000125e-03
4.435360000000000191e+00 -6.000000000000000125e-03
4.376680000000000348e+00 -6.000000000000000125e-03
4.356849999999999667e+00 -6.000000000000000125e-03
4.371089999999999698e+00 -6.000000000000000125e-03
4.403640000000000221e+00 -6.000000000000000125e-03
4.432260000000000311e+00 -6.000000000000000125e-03
4.437809999999999810e+00 -6.000000000000000125e-03
4.422410000000000174e+00 -6.000000000000000125e-03
4.406189999999999607e+00 -6.000000000000000125e-03
4.408769999999999634e+00 -6.000000000000000125e-03
4.445969999999999978e+00 -6.000000000000000125e-03
4.533789999999999765e+00 -6.000000000000000125e-03
4.687689999999999912e+00 -6.000000000000000125e-03
4.871209999999999596e+00 -6.000000000000000125e-03
4.982140000000000235e+00 -6.000000000000000125e-03
4.877049999999999663e+00 -6.000000000000000125e-03
5.046570000000000000e+00 -6.000000000000000125e-03
5.443179999999999907e+00 -6.000000000000000125e-03
5.904010000000000424e+00 -6.000000000000000125e-03
6.264850000000000030e+00 -6.000000000000000125e-03
6.433159999999999989e+00 -6.000000000000000125e-03
6.400290000000000035e+00 -6.000000000000000125e-03
6.300779999999999603e+00 -6.000000000000000125e-03
6.284510000000000041e+00 -6.000000000000000125e-03
6.291380000000000194e+00 -6.000000000000000125e-03
6.282469999999999999e+00 -6.000000000000000125e-03
6.265729999999999578e+00 -6.000000000000000125e-03
6.235380000000000145e+00 -6.000000000000000125e-03
6.163509999999999600e+00 -6.000000000000000125e-03
6.051359999999999850e+00 -6.000000000000000125e-03
6.047830000000000261e+00 -6.000000000000000125e-03
6.118839999999999613e+00 -6.000000000000000125e-03
6.197160000000000224e+00 -6.000000000000000125e-03
6.234890000000000043e+00 -6.000000000000000125e-03
6.202490000000000059e+00 -6.000000000000000125e-03
6.095740000000000158e+00 -6.000000000000000125e-03
6.005359999999999587e+00 -6.000000000000000125e-03
5.972959999999999603e+00 -6.000000000000000125e-03
5.970670000000000144e+00 -6.000000000000000125e-03
5.978369999999999962e+00 -6.000000000000000125e-03
5.988559999999999661e+00 -6.000000000000000125e-03
5.998549999999999827e+00 -6.000000000000000125e-03
5.985149999999999970e+00 -6.000000000000000125e-03
5.927950000000000053e+00 -6.000000000000000125e-03
5.813880000000000159e+00 -6.000000000000000125e-03
5.707589999999999719e+00 -6.000000000000000125e-03
5.631210000000000271e+00 -6.000000000000000125e-03
5.563200000000000145e+00 -6.000000000000000125e-03
5.492820000000000036e+00 -6.000000000000000125e-03
5.405879999999999797e+00 -6.000000000000000125e-03
5.299339999999999939e+00 -6.000000000000000125e-03
5.189560000000000173e+00 -6.000000000000000125e-03
5.108089999999999797e+00 -6.000000000000000125e-03
5.053740000000000343e+00 -6.000000000000000125e-03
5.020920000000000272e+00 -6.000000000000000125e-03
4.977540000000000298e+00 -6.000000000000000125e-03
4.905179999999999652e+00 -6.000000000000000125e-03
4.798790000000000333e+00 -6.000000000000000125e-03
4.717179999999999929e+00 -6.000000000000000125e-03
4.656780000000000364e+00 -6.000000000000000125e-03
4.623940000000000161e+00 -6.000000000000000125e-03
4.638379999999999725e+00 -6.000000000000000125e-03
4.702689999999999593e+00 -6.000000000000000125e-03
4.798729999999999940e+00 -6.000000000000000125e-03
4.899580000000000268e+00 -6.000000000000000125e-03
4.967999999999999972e+00 -6.000000000000000125e-03
4.965130000000000265e+00 -6.000000000000000125e-03
4.855150000000000077e+00 -6.000000000000000125e-03
4.854879999999999640e+00 -6.000000000000000125e-03
4.929920000000000080e+00 -6.000000000000000125e-03
5.023889999999999745e+00 -6.000000000000000125e-03
5.083779999999999966e+00 -6.000000000000000125e-03
5.092100000000000293e+00 -6.000000000000000125e-03
5.037209999999999965e+00 -6.000000000000000125e-03
4.928960000000000008e+00 -6.000000000000000125e-03
4.857459999999999667e+00 -6.000000000000000125e-03
4.809580000000000410e+00 -6.000000000000000125e-03
4.769440000000000346e+00 -6.000000000000000125e-03
4.721940000000000026e+00 -6.000000000000000125e-03
4.654300000000000104e+00 -6.000000000000000125e-03
4.555419999999999803e+00 -6.000000000000000125e-03
4.514540000000000219e+00 -6.000000000000000125e-03
4.516320000000000334e+00 -6.000000000000000125e-03
4.530999999999999694e+00 -6.000000000000000125e-03
4.532009999999999650e+00 -6.000000000000000125e-03
4.507390000000000008e+00 -6.000000000000000125e-03
4.458210000000000228e+00 -6.000000000000000125e-03
4.382130000000000081e+00 -6.000000000000000125e-03
4.290180000000000327e+00 -6.000000000000000125e-03
4.209200000000000053e+00 -6.000000000000000125e-03
4.158070000000000377e+00 -6.000000000000000125e-03
4.148520000000000429e+00 -6.000000000000000125e-03
4.179339999999999833e+00 -6.000000000000000125e-03
4.271969999999999601e+00 -6.000000000000000125e-03
4.436469999999999914e+00 -6.000000000000000125e-03
4.628339999999999677e+00 -6.000000000000000125e-03
4.727470000000000283e+00 -6.000000000000000125e-03
4.646370000000000111e+00 -6.000000000000000125e-03
4.838370000000000282e+00 -6.000000000000000125e-03
5.219170000000000087e+00 -6.000000000000000125e-03
5.622090000000000032e+00 -6.000000000000000125e-03
5.914559999999999818e+00 -6.000000000000000125e-03
6.033649999999999736e+00 -6.000000000000000125e-03
5.987779999999999880e+00 -6.000000000000000125e-03
5.890530000000000044e+00 -6.000000000000000125e-03
5.875899999999999679e+00 -6.000000000000000125e-03
5.897129999999999761e+00 -6.000000000000000125e-03
5.924890000000000434e+00 -6.000000000000000125e-03
5.939460000000000406e+00 -6.000000000000000125e-03
5.920309999999999739e+00 -6.000000000000000125e-03
5.834270000000000067e+00 -6.000000000000000125e-03
5.746380000000000265e+00 -6.000000000000000125e-03
5.741880000000000095e+00 -6.000000000000000125e-03
5.777180000000000426e+00 -6.000000000000000125e-03
5.807010000000000005e+00 -6.000000000000000125e-03
5.805039999999999978e+00 -6.000000000000000125e-03
5.756409999999999805e+00 -6.000000000000000125e-03
5.653710000000000235e+00 -6.000000000000000125e-03
5.560270000000000046e+00 -6.000000000000000125e-03
5.515830000000000233e+00 -6.000000000000000125e-03
5.498230000000000395e+00 -6.000000000000000125e-03
5.488199999999999967e+00 -6.000000000000000125e-03
5.479879999999999640e+00 -6.000000000000000125e-03
5.465510000000000090e+00 -6.000000000000000125e-03
5.432179999999999787e+00 -6.000000000000000125e-03
5.365389999999999660e+00 -6.000000000000000125e-03
5.256820000000000270e+00 -6.000000000000000125e-03
5.165350000000000108e+00 -6.000000000000000125e-03
5.103530000000000122e+00 -6.000000000000000125e-03
5.050849999999999618e+00 -6.000000000000000125e-03
4.987650000000000361e+00 -6.000000000000000125e-03
4.904589999999999783e+00 -6.000000000000000125e-03
4.803709999999999702e+00 -6.000000000000000125e-03
4.698249999999999815e+00 -6.000000000000000125e-03
4.612969999999999793e+00 -6.000000000000000125e-03
4.554640000000000022e+00 -6.000000000000000125e-03
4.524869999999999948e+00 -6.000000000000000125e-03
4.492950000000000443e+00 -6.000000000000000125e-03
4.434230000000000338e+00 -6.000000000000000125e-03
4.336829999999999963e+00 -6.000000000000000125e-03
4.269169999999999909e+00 -6.000000000000000125e-03
4.219879999999999853e+00 -6.000000000000000125e-03
4.195780000000000065e+00 -6.000000000000000125e-03
4.203969999999999985e+00 -6.000000000000000125e-03
4.245899999999999785e+00 -6.000000000000000125e-03
4.291500000000000092e+00 -6.000000000000000125e-03
4.322790000000000354e+00 -6.000000000000000125e-03
4.327799999999999869e+00 -6.000000000000000125e-03
4.306700000000000195e+00 -6.000000000000000125e-03
4.245639999999999858e+00 -6.000000000000000125e-03
4.171249999999999680e+00 -6.000000000000000125e-03
4.165729999999999933e+00 -6.000000000000000125e-03
4.207189999999999763e+00 -6.000000000000000125e-03
4.264969999999999928e+00 -6.000000000000000125e-03
4.305769999999999875e+00 -6.000000000000000125e-03
4.309029999999999916e+00 -6.000000000000000125e-03
4.261949999999999683e+00 -6.000000000000000125e-03
4.171590000000000131e+00 -6.000000000000000125e-03
4.132789999999999964e+00 -6.000000000000000125e-03
4.120779999999999887e+00 -6.000000000000000125e-03
4.103609999999999758e+00 -6.000000000000000125e-03
4.053309999999999746e+00 -6.000000000000000125e-03
3.972970000000000113e+00 -6.000000000000000125e-03
3.939270000000000049e+00 -6.000000000000000125e-03
3.943319999999999936e+00 -6.000000000000000125e-03
3.962979999999999947e+00 -6.000000000000000125e-03
3.987350000000000172e+00 -6.000000000000000125e-03
4.009509999999999685e+00 -6.000000000000000125e-03
4.006160000000000387e+00 -6.000000000000000125e-03
3.961030000000000051e+00 -6.000000000000000125e-03
3.889909999999999979e+00 -6.000000000000000125e-03
3.865310000000000024e+00 -6.000000000000000125e-03
3.841250000000000053e+00 -6.000000000000000125e-03
3.773649999999999949e+00 -6.000000000000000125e-03
3.735739999999999839e+00 -6.000000000000000125e-03
3.745950000000000113e+00 -6.000000000000000125e-03
3.792019999999999946e+00 -6.000000000000000125e-03
3.875700000000000145e+00 -6.000000000000000125e-03
4.008930000000000327e+00 -6.000000000000000125e-03
4.174229999999999663e+00 -6.000000000000000125e-03
4.294900000000000162e+00 -6.000000000000000125e-03
4.278780000000000250e+00 -6.000000000000000125e-03
4.307979999999999698e+00 -6.000000000000000125e-03
4.538640000000000008e+00 -6.000000000000000125e-03
4.887649999999999828e+00 -6.000000000000000125e-03
5.235439999999999650e+00 -6.000000000000000125e-03
5.474099999999999966e+00 -6.000000000000000125e-03
5.545209999999999972e+00 -6.000000000000000125e-03
5.459970000000000212e+00 -6.000000000000000125e-03
5.410689999999999777e+00 -6.000000000000000125e-03
5.413160000000000416e+00 -6.000000000000000125e-03
5.429009999999999891e+00 -6.000000000000000125e-03
5.425169999999999604e+00 -6.000000000000000125e-03
5.390419999999999767e+00 -4.000000000000000083e-03
5.304870000000000196e+00 -4.000000000000000083e-03
5.200549999999999784e+00 -4.000000000000000083e-03
5.144180000000000419e+00 -4.000000000000000083e-03
5.121730000000000338e+00 -4.000000000000000083e-03
5.124520000000000408e+00 -4.000000000000000083e-03
5.134389999999999787e+00 -4.000000000000000083e-03
5.125840000000000174e+00 -4.000000000000000083e-03
5.066919999999999646e+00 -4.000000000000000083e-03
4.960049999999999848e+00 -4.000000000000000083e-03
4.901390000000000136e+00 -4.000000000000000083e-03
4.860689999999999955e+00 -4.000000000000000083e-03
4.813390000000000057e+00 -4.000000000000000083e-03
4.764750000000000263e+00 -4.000000000000000083e-03
4.722050000000000303e+00 -4.000000000000000083e-03
4.690750000000000419e+00 -4.000000000000000083e-03
4.653999999999999915e+00 -4.000000000000000083e-03
4.595550000000000246e+00 -4.000000000000000083e-03
4.506669999999999732e+00 -4.000000000000000083e-03
4.417150000000000354e+00 -4.000000000000000083e-03
4.342080000000000162e+00 -4.000000000000000083e-03
4.266119999999999912e+00 -4.000000000000000083e-03
4.189750000000000085e+00 -4.000000000000000083e-03
4.112000000000000099e+00 -4.000000000000000083e-03
4.033260000000000289e+00 -4.000000000000000083e-03
3.947109999999999896e+00 -4.000000000000000083e-03
3.895519999999999872e+00 -4.000000000000000083e-03
3.879680000000000017e+00 -4.000000000000000083e-03
3.875630000000000130e+00 -4.000000000000000083e-03
3.852749999999999897e+00 -4.000000000000000083e-03
3.793880000000000141e+00 -4.000000000000000083e-03
3.710090000000000110e+00 -4.000000000000000083e-03
3.643460000000000143e+00 -4.000000000000000083e-03
3.593719999999999803e+00 -4.000000000000000083e-03
3.572200000000000042e+00 -4.000000000000000083e-03
3.584929999999999950e+00 -4.000000000000000083e-03
3.614419999999999966e+00 -4.000000000000000083e-03
3.632460000000000022e+00 -4.000000000000000083e-03
3.628229999999999844e+00 -4.000000000000000083e-03
3.609410000000000007e+00 -4.000000000000000083e-03
3.583260000000000112e+00 -4.000000000000000083e-03
3.543079999999999785e+00 -4.000000000000000083e-03
3.465170000000000083e+00 -4.000000000000000083e-03
3.438909999999999911e+00 -4.000000000000000083e-03
3.455750000000000099e+00 -4.000000000000000083e-03
3.484770000000000145e+00 -4.000000000000000083e-03
3.503740000000000077e+00 -4.000000000000000083e-03
3.495089999999999808e+00 -4.000000000000000083e-03
3.451700000000000212e+00 -4.000000000000000083e-03
3.374579999999999913e+00 -4.000000000000000083e-03
3.329600000000000115e+00 -4.000000000000000083e-03
3.301060000000000105e+00 -4.000000000000000083e-03
3.277410000000000156e+00 -4.000000000000000083e-03
3.245340000000000114e+00 -4.000000000000000083e-03
3.192239999999999966e+00 -4.000000000000000083e-03
3.139050000000000118e+00 -4.000000000000000083e-03
3.132299999999999862e+00 -4.000000000000000083e-03
3.161169999999999813e+00 -4.000000000000000083e-03
3.203809999999999825e+00 -4.000000000000000083e-03
3.229530000000000012e+00 -4.000000000000000083e-03
3.223059999999999814e+00 -4.000000000000000083e-03
3.179100000000000037e+00 -4.000000000000000083e-03
3.114230000000000054e+00 -4.000000000000000083e-03
3.068400000000000016e+00 -4.000000000000000083e-03
3.032340000000000035e+00 -4.000000000000000083e-03
2.995070000000000121e+00 -4.000000000000000083e-03
2.951589999999999936e+00 -4.000000000000000083e-03
2.888220000000000010e+00 -4.000000000000000083e-03
2.857590000000000074e+00 -4.000000000000000083e-03
2.871739999999999959e+00 -4.000000000000000083e-03
2.919750000000000068e+00 -4.000000000000000083e-03
2.995019999999999794e+00 -4.000000000000000083e-03
3.109100000000000197e+00 -4.000000000000000083e-03
3.262319999999999887e+00 -4.000000000000000083e-03
3.419929999999999914e+00 -4.000000000000000083e-03
3.480890000000000040e+00 -4.000000000000000083e-03
3.442309999999999981e+00 -4.000000000000000083e-03
3.602269999999999861e+00 -4.000000000000000083e-03
3.879500000000000171e+00 -4.000000000000000083e-03
4.166509999999999714e+00 -4.000000000000000083e-03
4.378379999999999939e+00 -4.000000000000000083e-03
4.491410000000000124e+00 -4.000000000000000083e-03
4.506829999999999892e+00 -4.000000000000000083e-03
4.447129999999999583e+00 -4.000000000000000083e-03
4.354840000000000266e+00 -4.000000000000000083e-03
4.292510000000000048e+00 -4.000000000000000083e-03
4.250110000000000277e+00 -4.000000000000000083e-03
4.233399999999999608e+00 -4.000000000000000083e-03
4.229669999999999597e+00 -4.000000000000000083e-03
4.214209999999999567e+00 -4.000000000000000083e-03
4.153870000000000395e+00 -4.000000000000000083e-03
4.070219999999999949e+00 -4.000000000000000083e-03
4.013650000000000162e+00 -4.000000000000000083e-03
3.960269999999999957e+00 -4.000000000000000083e-03
3.917980000000000018e+00 -4.000000000000000083e-03
3.888739999999999863e+00 -4.000000000000000083e-03
3.872850000000000126e+00 -4.000000000000000083e-03
3.849740000000000162e+00 -4.000000000000000083e-03
3.804440000000000044e+00 -4.000000000000000083e-03
3.735300000000000065e+00 -4.000000000000000083e-03
3.669989999999999863e+00 -4.000000000000000083e-03
3.631289999999999907e+00 -4.000000000000000083e-03
3.619019999999999904e+00 -4.000000000000000083e-03
3.610180000000000167e+00 -4.000000000000000083e-03
3.592470000000000052e+00 -4.000000000000000083e-03
3.564210000000000100e+00 -4.000000000000000083e-03
3.526289999999999925e+00 -4.000000000000000083e-03
3.481370000000000076e+00 -4.000000000000000083e-03
3.422959999999999781e+00 -4.000000000000000083e-03
3.349600000000000133e+00 -4.000000000000000083e-03
3.281919999999999948e+00 -4.000000000000000083e-03
3.221070000000000100e+00 -4.000000000000000083e-03
3.165360000000000174e+00 -4.000000000000000083e-03
3.104340000000000099e+00 -4.000000000000000083e-03
3.039449999999999985e+00 -4.000000000000000083e-03
2.999509999999999899e+00 -4.000000000000000083e-03
2.967229999999999812e+00 -4.000000000000000083e-03
2.917539999999999800e+00 -4.000000000000000083e-03
2.863210000000000033e+00 -4.000000000000000083e-03
2.821070000000000189e+00 -4.000000000000000083e-03
2.766169999999999796e+00 -4.000000000000000083e-03
2.709589999999999943e+00 -4.000000000000000083e-03
2.663839999999999986e+00 -4.000000000000000083e-03
2.662790000000000212e+00 -4.000000000000000083e-03
2.699479999999999880e+00 -4.000000000000000083e-03
2.727129999999999832e+00 -4.000000000000000083e-03
2.712829999999999853e+00 -4.000000000000000083e-03
2.660340000000000149e+00 -4.000000000000000083e-03
2.604600000000000026e+00 -4.000000000000000083e-03
2.552610000000000046e+00 -4.000000000000000083e-03
2.502829999999999888e+00 -4.000000000000000083e-03
2.451639999999999819e+00 -4.000000000000000083e-03
2.418759999999999799e+00 -4.000000000000000083e-03
2.392689999999999984e+00 -4.000000000000000083e-03
2.369699999999999918e+00 -4.000000000000000083e-03
2.347570000000000157e+00 -4.000000000000000083e-03
2.324739999999999807e+00 -4.000000000000000083e-03
2.281270000000000131e+00 -4.000000000000000083e-03
2.257769999999999833e+00 -4.000000000000000083e-03
2.262659999999999894e+00 -4.000000000000000083e-03
2.267799999999999816e+00 -4.000000000000000083e-03
2.241839999999999833e+00 -4.000000000000000083e-03
2.197090000000000209e+00 -4.000000000000000083e-03
2.177989999999999871e+00 -4.000000000000000083e-03
2.178679999999999950e+00 -4.000000000000000083e-03
2.204880000000000173e+00 -4.000000000000000083e-03
2.256050000000000111e+00 -4.000000000000000083e-03
2.307279999999999998e+00 -4.000000000000000083e-03
2.334509999999999863e+00 -4.000000000000000083e-03
2.326179999999999914e+00 -4.000000000000000083e-03
2.284159999999999968e+00 -4.000000000000000083e-03
2.243980000000000086e+00 -4.000000000000000083e-03
