1
2
76
1538
2355
4564
4829
5274
6234
7093
8087
8566
8637
8793
8869
8900
9014
9165
9168
9324
9453
9478
9506
9531
9562
9593
9783
9858
9861
9939
10421
10467
10496
10583
10835
11629
12826
13409
13432
13467
13523
13573
13629
13698
13929
14396
14796
17082
17146
17274
17355
17602
18329
19367
20485
20547
20691
20707
20736
20931
20937
21210
21225
21271
21653
22860
23143
23655
24031
24318
24764
26199
26208
26330
26424
26931
27139
27155
27509
27611
27628
27648
27696
27739
27810
27844
27990
28234
28235
28791
28802
28821
28921
28942
29138
29396
29422
29454
29480
29580
30559
31013
32246
33322
33715
33892
34013
36809
37626
39836
40100
40545
41505
42363
43358
43837
43909
44064
44140
44171
44285
44436
44439
44595
44724
44749
44777
44802
44833
44863
45054
45129
45132
45210
45692
45738
45767
45855
46106
46900
48097
48680
48705
48737
48794
48844
48900
48969
49200
49667
50067
52353
52417
52545
52626
52873
53600
54638
55756
55818
55962
55978
56007
56202
56208
56481
56496
56542
56924
58131
58414
58926
59302
59589
60034
61470
61478
61601
61694
62202
62410
62426
62780
62882
62899
62920
62965
63010
63081
63115
63261
63505
63506
64062
64075
64090
64192
64213
64411
64666
64693
64725
64755
64851
65418
65433
65534
