723
1537
3746
4012
4457
5417
6275
7270
7749
7820
7976
8052
8083
8197
8348
8351
8507
8636
8661
8688
8716
8745
8772
8966
9040
9045
9121
9604
9650
9679
9767
10018
10812
12009
12592
12615
12650
12706
12756
12812
12881
13112
13579
13979
16265
16329
16457
16538
16785
17512
18550
19668
19730
19874
19890
19919
20114
20120
20393
20408
20454
20837
22043
22326
22838
23214
23501
23947
25382
25390
25511
25609
26114
26322
26338
26692
26794
26811
26830
26883
26922
26993
27026
27174
27417
27418
27974
27985
28004
28104
28124
28321
28585
28604
28648
28765
29742
30196
31429
32500
32647
32751
